812
777
848
872
1304
1455
1768
1808
1968
1984
2072
2152
2294
2320
2576
2630
2680
3000
3008
3058
3080
3182
3632
4042
4066
4476
4542
4544
4570
4738
4784
4788
4930
5006
5198
5314
5345
5414
5434
5442
5702
5746
5772
5826
5940
6056
6200
6228
6344
6355
6468
6545
6672
6684
6876
6902
7188
7238
7404
7610
7664
7680
7788
7906
8028
8072
8240
8314
8338
8386
8618
8628
8635
8844
8864
8884
8947
9012
9052
9080
9108
9124
9240
9272
9292
9420
9422
9460
9676
9730
9796
9988
10022
10040
10090
10118
10156
10284
10336
10358
10394
10402
10424
10529
10544
10656
10784
10910
11066
11076
11360
11393
11606
11635
11721
12056
12132
12224
12449
12494
12512
12540
12715
12752
12872
12992
13186
13608
13688
13810
13987
14000
14020
14052
14146
14168
14458
14482
14504
14530
14720
14751
14774
14784
15276
15398
15468
15528
15571
15680
15696
15828
15844
15888
15944
16044
16065
16536
16572
16784
16790
16804
16806
16814
17048
17305
17312
17340
17402
17482
17731
17846
17864
17870
17897
17940
18034
18248
18250
18462
18624
18632
18652
18809
18898
18944
19099
19114
19182
19476
19592
19618
19819
19826
19928
19932
20024
20057
20292
20568
20618
20674
20984
20986
20993
21272
21872
22113
22130
22132
22337
22454
22784
23040
23100
23107
23273
23648
23796
23822
23938
23986
24058
24120
24276
24442
24556
24780
24897
24906
25208
25287
25358
25377
25592
25638
25688
25762
25915
25977
26081
26144
26186
26190
26200
26412
26465
26720
26856
26928
26962
27154
27228
27268
27680
27686
27926
27950
27972
27994
28015
28018
28049
28230
28280
28520
28548
28622
28646
28786
28814
29024
29054
29250
29280
29330
29336
29672
29688
29818
29827
29840
29866
30028
30080
30098
30156
30392
30464
30470
30482
30576
30584
30710
30728
30802
31022
31144
31164
31184
31352
31570
31640
31713
31790
31848
31976
32168
32198
32576
32628
32888
32920
33036
33130
33320
33440
33468
33475
33562
33569
33744
33754
33914
34022
34180
34304
34481
34616
34740
35040
35127
35240
35250
35286
35362
35672
35912
36038
36065
36082
36128
36194
36202
36248
36312
36566
36591
36643
36698
36706
36754
36944
36960
37040
37120
37328
37472
37668
37758
37928
38011
38194
38216
38360
38390
38480
38840
38928
38942
39128
39776
39852
39859
39931
39968
40106
40214
40217
40474
40496
40542
40572
40800
40808
41072
41168
41342
41520
41528
41539
41598
41648
41694
41764
42223
42768
42864
43018
43112
43280
43283
43496
43572
43716
43754
43963
44280
44360
44528
44594
44600
44777
44856
44912
44938
44962
44986
45192
45206
45230
45252
45272
45393
45444
45571
45726
46066
46280
46358
46404
46498
46544
46622
46850
46920
47323
47520
47528
47696
47705
47820
48008
48156
48162
48224
48228
48442
48462
48696
48848
48859
48992
49068
49160
49306
49315
49376
49696
49740
49939
50048
50148
50152
50169
50240
50600
50770
50844
50962
51048
51180
51274
51300
51528
51564
51752
51768
51896
52016
52032
52094
52112
52202
52232
52538
52544
52594
52746
52872
52956
53136
53168
53528
53744
54178
54200
54372
54394
54442
54475
54569
54780
54924
54944
55066
55088
55190
55258
55306
55332
55416
55430
55622
55690
55712
55771
55910
55928
56196
56240
56343
56504
56792
56962
57056
57684
57796
58147
58318
58374
58428
58448
58620
58664
58793
58856
59105
59168
59220
59242
59436
59482
59578
59602
59616
59626
59796
59964
60013
60134
60470
60518
60560
60600
60689
60752
61134
61184
61289
61344
61454
61458
61636
61712
61810
61976
62026
62096
62258
62262
62294
62342
62486
62582
62600
62630
62722
62888
62894
62962
62986
63034
63056
63102
63322
63394
63401
63449
63488
63528
63656
63800
63833
64232
64472
64904
65000
65146
65314
65600
65714
65792
65922
66060
66086
66204
66248
66560
66662
66689
66776
66950
66968
66998
67044
67090
67160
67255
67448
67592
67618
67625
67790
67952
68042
68136
68318
68366
68458
68480
68536
68556
68568
68650
68672
68676
68818
68918
68945
69032
69058
69060
69128
69296
69366
69584
69602
69994
70088
70138
70256
70544
70594
70760
71004
71366
71408
71510
71600
71706
72052
72056
72082
72128
72470
72488
72611
72619
72691
72704
72824
72850
72859
72878
73090
73112
73160
73191
73350
73544
73762
73802
73862
73928
73956
73992
74336
74836
74868
74984
75096
75152
75187
75204
75274
75312
75590
76040
76154
76170
76334
76350
76398
76498
76616
76762
76832
76898
76932
77098
77170
77310
77394
77704
77936
78080
78174
78270
78278
78368
78560
78569
78604
78624
78752
78841
78992
79056
79136
79140
79166
79200
79308
79334
79368
79453
79536
79704
79785
79819
79832
79858
79884
79896
80040
80050
80136
80144
80222
80232
80273
80376
80384
80416
80424
80720
80744
80774
80816
80822
80846
80936
81152
81392
81606
81776
82064
82184
82210
82276
82284
82376
82404
82449
82520
82627
82736
82785
82793
82908
82985
83168
83268
83282
83384
83598
83696
83816
83986
84036
84152
84202
84368
84613
84882
85068
85260
85411
85483
85836
85841
85858
86129
86284
86460
86464
87448
87580
87636
87688
88164
88571
