204
2
24
152
193
336
345
385
537
634
656
904
1176
1192
1382
1408
1638
1666
1769
2024
2258
2274
2456
2576
2654
2846
3056
3060
3086
3200
3328
3392
3396
3512
3554
3792
3920
3996
4212
4224
4243
4544
4732
4806
4880
4924
4946
4982
5031
5048
5116
5364
5448
5480
5606
5672
5697
5794
5842
5868
5918
5922
6105
6108
6128
6170
6432
6536
6608
6632
6780
7289
7352
7520
7776
8048
8220
8367
8410
8534
8604
8630
8744
8762
9108
9250
9504
9714
9748
9804
9813
10027
10190
10214
10304
10320
10496
10566
10625
10812
10976
10994
11080
11240
11274
11486
11558
11654
11683
11750
11772
11960
12106
12360
12538
12608
12730
12758
12920
12929
13472
13793
13814
13832
13848
13910
14000
14216
14242
14308
14316
14432
14510
14678
14850
15010
15030
15072
15222
15240
15388
15456
15488
15566
15614
15704
15870
15946
15968
16088
16188
16258
16281
16496
16884
16928
17196
17476
17508
17552
17592
17676
17690
17928
17936
18048
18156
18159
18168
18246
18305
18344
18384
18528
18642
18920
19092
19212
19424
19452
19494
19644
19648
19967
19976
20058
20268
20574
20722
20748
20897
20938
21565
21686
21708
21736
21904
22070
22096
22164
22240
22524
22645
22715
22740
