2274
80
170
321
344
560
752
992
993
1568
1569
1761
1809
1833
1857
1929
1977
2001
2073
2120
2336
2536
3112
3449
3464
3538
3552
3560
3568
3854
3902
3976
4168
4186
4498
4504
4720
4928
5153
5391
5888
6010
6032
6182
6185
6336
6440
6518
6658
6680
6968
7217
7308
7315
7422
7470
7550
7574
7592
7596
7671
7686
7788
7880
7978
8107
8172
8240
8482
8504
8611
8648
8690
8696
8755
8774
8938
8960
8986
8990
9050
9062
9110
9120
9163
9259
9326
9336
9366
9394
9449
9462
9466
9530
9590
9678
9944
9948
10092
10260
10404
10472
10524
10644
10872
10904
11196
11336
11720
11748
11864
11942
12010
12032
12036
12226
12250
12252
12272
12374
12490
12498
12588
12626
12665
12686
12780
12856
12896
12996
13040
13212
13280
13322
13524
13544
13769
13808
14328
14362
14464
14553
14600
14681
14716
14840
14980
15148
15210
15316
15460
15464
15518
15523
15576
15652
15654
15667
15708
15776
15820
15970
15988
16018
16034
16044
16080
16228
16282
16531
16756
16828
16977
17010
17144
17258
17306
17314
17510
17600
17624
17646
17888
18032
18060
18278
18320
18416
18704
18778
18859
18920
18970
18998
19032
19142
19232
19262
19472
19592
19664
19716
20048
20052
20120
20198
20264
20336
20410
20534
20568
20576
20696
20772
20942
21038
21392
21512
21806
22038
22184
22382
22409
22544
22620
22712
22880
23414
23432
23618
23784
23916
24300
24800
24878
24940
24948
24984
25070
25092
25108
25152
25184
25320
25522
25524
25544
25644
25910
25978
25980
26102
26144
26384
26419
26942
26988
27130
27134
27137
27392
27656
27684
27872
27948
27992
28070
28112
28272
28328
28444
28470
28496
28574
28642
28664
28828
28856
28860
28922
28978
29000
29030
29058
29176
29194
29238
29318
29330
29384
29552
29606
29722
29842
29849
29940
30030
30108
30115
30128
30278
30322
30360
30392
30442
30492
30737
30778
30780
30874
30902
31068
31208
31282
31330
31406
31670
31780
31784
31812
31856
32129
32192
32462
32504
32681
32720
32748
32816
32834
32986
33008
33019
33034
33107
33114
33224
33302
33392
33401
33800
33868
34169
34188
34200
34278
34306
34346
34380
34418
34448
34734
34736
34880
35048
35266
35288
35336
35822
35840
35856
35969
36091
36281
36392
36494
36614
36874
36876
37066
37232
37400
37668
37880
37944
38042
38144
38216
38292
38384
38744
38810
38966
38984
39082
39139
39206
39224
39320
39432
39618
39665
39704
39826
39848
39944
40195
40520
40712
40784
40832
40886
41268
41296
41434
41507
41676
41816
42034
42057
42374
42392
42626
42691
42896
43064
43136
43376
43459
43668
43690
43776
44072
44160
44168
44270
44316
44456
44576
44602
44820
44864
44899
45240
45250
45348
45440
45612
45776
45890
46026
46166
46224
46232
46289
46339
46346
46354
46548
46646
47028
47144
47312
47696
48058
48080
48156
48562
48662
49016
49073
49116
49152
49328
49520
49664
49762
49786
49810
50006
50100
50144
50244
50270
50606
50620
50628
50666
50673
50744
50755
50764
50894
50946
51054
51204
51396
51560
51588
51926
52020
52112
52188
52358
52378
52400
52457
52500
52806
52832
52834
53028
53059
53078
53486
53750
54060
54110
54128
54152
54160
54344
54440
54540
54686
54728
54782
54830
54994
55020
55042
55090
55186
55304
55310
55363
55378
55548
55550
55564
55616
55668
55904
56220
56264
56393
56500
56504
56532
56556
56558
56672
56748
56864
57115
57154
57196
57320
57800
57920
58066
58185
58208
58286
58354
58360
58496
58574
58640
58736
58976
59026
59144
59258
59264
59316
59576
59648
59696
59748
59866
59906
59918
60290
60632
60920
60922
60950
61020
61112
61195
61232
61313
61516
61620
61684
61752
61760
61826
61834
62112
62120
62290
62338
62534
62558
62698
62858
62994
63158
63250
63444
63962
63968
64016
64138
64170
64267
64304
64334
64472
64524
64664
64832
64980
65048
65360
65528
65696
65740
65868
65894
66008
66062
66249
66257
66300
66312
66468
66656
66676
66990
67043
67064
67070
67092
67094
67121
67162
67210
67272
67330
67570
67664
67714
67736
67740
67958
67985
68000
68146
68155
68240
68340
68366
68414
68904
69200
69264
69396
69446
69512
69560
69564
69722
69896
69924
69940
70064
70114
70121
70184
70368
70424
70712
70808
70830
70920
71004
71188
71258
71264
71297
71504
71700
71720
71856
71962
72130
72154
72224
72307
72416
72536
72608
72610
72938
72946
72968
73056
73184
73376
73454
73690
73826
73896
73898
74264
74360
74485
74696
74796
74816
74960
75294
75322
75344
75396
75440
75656
75922
75996
76112
76123
76138
76376
76524
76682
77024
77220
77225
77402
77412
77472
77480
77559
77640
77740
77748
77816
77984
78036
78128
78130
78139
78204
78288
78322
78331
78344
78488
78586
78758
79018
79026
79378
79385
79520
79688
79692
79708
79832
79910
80034
80074
80102
80299
80352
80456
80462
80467
80666
80720
80724
80740
80750
80794
80818
80888
80904
80908
81008
81080
81320
81348
81464
81667
81680
81772
81780
81848
82058
82376
82385
82572
82664
82690
82762
82880
82956
82996
83048
83264
83580
83650
83729
83995
84056
84270
84314
84368
84610
84680
84920
84979
84992
85016
85184
85440
85664
85795
86072
86122
86144
86264
86294
86456
86580
86618
86624
86914
87008
87041
87054
87056
87562
87835
87896
87955
88428
88594
88598
88616
88690
88704
88736
88904
89076
89256
89370
89384
89480
89699
89720
90006
90106
90318
90326
90468
90512
90658
90684
90710
90782
90800
90809
90946
90960
90974
91208
91330
91498
91568
91594
91618
91642
91832
91952
92432
92504
93176
93180
93226
93422
93465
93488
93608
93728
93872
93924
94064
94073
94328
94411
94506
94664
94760
94812
94976
95008
95016
95264
95342
95570
95602
95779
95792
96128
96230
96320
96488
96514
96728
96826
97020
97040
97049
97121
97402
97496
97616
97819
97904
97922
97976
98030
98148
98264
98280
98364
98532
98558
98600
98700
98720
98772
98840
99080
99200
99492
99494
99632
99728
100024
100092
100382
100474
100616
100784
101240
101360
101648
101864
102008
102082
102084
102178
102226
102274
102440
102490
102528
102662
102780
102800
102854
102944
102960
103112
103184
103310
103370
103372
103406
103592
103616
103620
103632
103738
103832
104024
104196
104243
104382
104408
104508
104552
104604
104632
104770
104882
105080
105370
105564
105656
105706
105948
106282
106289
106304
106490
106638
106646
106802
106836
106928
107120
107240
107386
107406
107410
107414
107648
107670
107678
107864
108152
108163
108326
108344
108366
108468
108614
108722
108728
108730
108772
108802
108968
108984
108988
109082
109136
109166
109276
109400
109440
109520
109632
109640
109858
109992
110124
110192
110332
110360
110384
110532
110578
110720
110755
110820
110875
110932
111187
111224
111377
111392
111394
111420
111474
111513
111658
111756
111800
111876
111950
111968
111977
111994
112210
112348
112478
112544
112596
112688
112736
112740
112816
112834
113120
113144
113388
113417
113510
113558
113574
113602
113624
113698
113720
113768
113919
114036
114200
114216
114344
114488
114490
114588
114730
114800
114905
114968
114972
115068
115088
115160
115256
115306
115472
115518
115544
115594
115808
116096
116168
116343
116582
116630
116724
117048
117158
117344
117512
117728
117758
117962
118232
118352
118378
118382
118518
118568
118818
118934
119000
119118
119192
119292
119362
119410
119458
119554
119912
119916
119942
120348
120392
120570
120728
120809
120898
120920
121064
121284
121306
121406
121472
121867
121954
121976
122198
122242
122456
122635
122648
122744
122760
122774
122818
122822
122840
122842
122912
123128
123192
123344
123440
123536
123633
123704
123774
123776
123944
124186
124282
124380
124406
124459
124472
124592
124718
124760
125000
125026
125046
125074
125142
125144
125240
125408
125460
125600
125962
125984
125995
126230
126248
126355
126386
126536
126569
126658
126872
126968
126984
127001
127018
127060
127147
127208
127284
127488
127520
127616
127808
127836
128004
128018
128216
128246
128384
128624
128648
128962
129010
129032
129086
129091
129152
129344
129490
129512
129538
129787
129896
130016
130256
130400
130548
130584
130808
130814
130952
131120
131292
131408
131504
131744
131796
131952
131960
132176
132222
132464
132516
132562
132632
132635
132706
132770
132872
132874
133040
133154
133184
133230
133790
133976
133982
133994
134052
134330
134576
134592
134648
134748
135056
135080
135106
135176
135228
135422
135656
135828
135878
135902
136145
136162
136426
136440
136496
136592
136740
136769
136928
136961
136970
137179
137216
137282
137312
137506
137720
137766
138001
138268
138536
138752
138920
139256
139352
139568
139608
139690
139712
139738
139784
139996
140007
140024
140304
140316
140338
140408
140659
140742
140774
140818
140840
140866
141008
141300
141706
141848
142208
142291
142448
142572
142594
142616
142664
142986
143074
143224
143256
143264
143268
143310
143480
143532
143616
143718
143720
143870
143914
144038
144176
144252
144353
145164
145232
145330
145352
145398
145550
145690
145756
145784
145926
145930
145952
146124
146242
146342
146480
146552
146633
146938
146945
146960
147128
147368
147643
147656
147946
148160
148280
148289
148332
148411
148472
148524
148592
148594
148764
148771
148810
148838
148888
148932
148976
149120
149450
149456
149486
149534
149558
149731
149766
149844
149864
149910
150012
150152
150192
150374
150422
150590
150612
150656
150948
151184
151214
151280
151356
151688
151832
151880
152100
152120
152122
152144
152288
152314
152486
152546
152556
152966
153106
153128
153172
153278
153536
153630
153656
153720
153776
153896
153984
154232
154452
154496
154507
154664
154740
154747
154930
154954
155072
155083
155146
155194
155360
155369
155480
155718
155736
155820
156008
156098
156198
156200
156206
156248
156416
156492
156536
156872
157040
157688
157710
157716
157952
158098
158168
158384
158720
158866
158892
158980
159012
159252
159336
159392
159562
159584
159750
159763
160064
160166
160230
160234
160426
160474
160522
160642
160694
160716
160760
161088
161120
161124
161292
161321
161364
161498
161568
161622
161696
161840
162176
162488
162518
162610
162776
162840
163208
163308
163505
163712
163754
163832
163848
163860
164000
164035
164100
164155
164288
164600
164912
165158
165176
165298
165342
165346
165464
165564
165584
165648
165680
165761
165968
165993
166018
166044
166060
166208
166241
166378
166574
166752
166784
166832
166904
167076
167098
167298
167484
167674
167744
167916
168056
168152
168408
168632
168636
168920
169136
169157
169261
169280
169312
169404
169760
169872
169874
169904
169974
170050
170131
170216
170222
170312
170412
170438
171152
171156
171208
171397
171512
171562
171656
171708
171780
171868
172020
172184
172186
172332
172363
172376
172738
172780
173002
173028
173074
173198
173225
173288
173314
173432
173552
173652
173840
173887
174008
174028
174080
174200
174252
174344
174362
174376
174392
174396
174486
174498
174656
174678
174782
174804
174992
175056
175088
175114
175184
175402
175500
175928
176144
176480
176568
176770
176774
176784
176816
176892
176897
177017
177032
177144
177248
177312
177464
177514
177540
177578
177610
177772
177872
177874
178014
178145
178208
178448
178464
178520
178522
178664
178668
178832
178848
178904
179072
179144
179266
179288
179432
179674
179792
179960
180080
180232
180248
180336
180536
180824
180906
181136
181140
181298
181310
181352
181481
181550
181904
182076
182177
182340
182496
182528
182611
182678
182696
182792
182942
183224
183320
183348
183427
183442
183464
183636
183672
183824
184040
184328
184392
184496
184620
184858
185120
185201
185264
185290
185412
185476
185532
185654
185818
185840
185892
185936
186126
186388
186420
186446
186480
186728
186872
186898
187022
187116
187232
187284
187402
187435
187450
187496
187608
187736
187766
187786
187850
187961
188170
188294
188312
188458
188672
188840
188947
189200
189330
189392
189475
189536
190112
190195
190262
190306
190308
190416
190492
190544
190616
190884
191000
191249
191264
191330
191412
191563
191646
191700
191840
191842
191960
192106
192132
192392
192512
192532
192776
192826
192955
193256
193334
193360
193376
193490
193544
193694
193712
193786
194100
194168
194210
194314
194336
194537
194866
195026
195034
195106
195235
195272
195312
195416
195462
195490
196016
196088
196314
196424
196454
196474
196568
196712
196860
196970
196976
197056
197192
197286
197456
197923
197930
198104
198163
198230
198297
198320
198336
198416
198584
198619
198632
198734
198850
198968
199020
199040
199184
199332
199334
199402
199548
199616
199625
199690
199697
199880
199886
199930
200026
200096
200222
200282
200312
200456
200491
200624
200744
200772
200840
201056
201072
201272
201540
201560
201728
201874
202008
202088
202090
202232
202422
202592
202854
202904
203120
203129
203264
203432
203606
203658
203729
203864
204030
204104
204192
204396
204689
204848
204854
204902
205064
205118
205184
205310
205378
205424
205592
205644
205874
206112
206120
206144
206220
206222
206264
206294
206378
206552
206618
206626
206720
206912
207106
207312
207392
207536
207540
207544
207552
207584
207610
207776
207854
207944
208008
208112
208378
208496
208614
208760
208952
209052
209096
209129
209160
209270
209330
209336
209338
209482
209768
209912
210056
210154
210157
210374
210392
210726
210774
210968
211136
211182
211186
211210
211234
211332
211420
211500
211674
211784
211982
212078
212220
212264
212294
212312
212408
212482
212530
212552
212744
212912
212984
213202
213536
213552
213643
213704
213876
214002
214280
214352
214472
214568
214736
214741
214976
215059
215164
215392
215436
215482
215558
215635
215648
215792
215960
215964
216058
216368
216972
217112
217352
217368
217502
217622
217904
217978
218026
218240
218292
218312
218410
218664
218718
218940
219004
219056
219108
219113
219259
219344
219379
219390
219408
219776
219818
220134
220160
220280
220362
220736
221024
221153
221172
221264
221768
221812
221892
222128
222180
222512
222774
222842
222896
222926
223088
223188
223470
223496
223664
223856
224192
224218
224674
224768
224942
225176
225366
225402
225608
225680
225924
226074
226110
226112
226140
226192
226238
226328
226520
226784
226793
226832
227054
227124
227264
227342
227528
227694
227705
227898
227928
227960
227964
228048
228132
228187
228216
228248
228302
228305
228360
228396
228504
228512
228538
228634
228660
228744
228882
228984
228988
229064
229128
229200
229234
229313
229356
229368
229472
229536
229544
229553
229625
229704
229760
229792
229812
229858
229896
229980
230040
230048
230074
230170
230430
230432
230554
230600
230942
230984
231080
231201
231204
231344
231420
231824
231835
231846
232016
232116
232136
232158
232284
232304
232522
232651
232760
232928
233026
233030
233120
233123
233312
233432
233506
233548
233552
233652
233722
233744
233796
233890
233912
234032
234200
234344
234567
234680
234801
234848
235217
235328
235398
235424
235577
235620
235646
235742
235778
235913
236003
236081
236124
236140
236150
236262
236292
236476
236528
236534
236672
236698
236790
236966
236993
237132
237235
237300
237314
237322
237386
237804
237907
238073
238668
238939
238956
239434
239587
239628
239698
239818
239923
240019
240640
240808
241048
241140
241216
241720
241912
242200
242218
242290
242652
242867
243131
243469
243540
243852
243901
244324
244331
