560
17
80
81
200
896
945
969
1088
1408
1448
1544
1576
1688
1816
1832
1978
2054
2080
2352
2744
2864
3024
3082
3392
3614
3738
3822
4106
4112
4116
4258
4426
4430
4478
4601
4638
4674
4686
4704
4714
4730
4738
4762
4786
4810
4956
5088
5144
5196
5268
5460
5792
5844
5890
5970
6144
6370
6516
6587
6732
6830
6950
7232
7468
7505
7574
7592
7636
7713
7716
7804
7884
8016
8020
8052
8123
8144
8179
8332
8476
8478
8611
8652
8678
8750
8768
8842
9058
9072
9498
9514
9872
10112
10128
10154
10356
10424
10454
10610
10664
10862
11072
11188
11275
11312
11316
11408
11443
11554
11606
11630
11648
11705
11840
12080
12174
12368
12632
12634
12660
12824
12948
12984
13016
13064
13298
13352
13354
13360
13380
13434
13544
13614
13664
13694
13828
13836
14016
14030
14096
14140
14220
14264
14510
14600
14730
14736
14764
14794
14816
14834
15152
15320
15488
15494
15704
15922
15992
16016
16136
16171
16176
16256
16424
16698
16708
16734
16738
16786
16812
17216
17384
17576
17696
17888
17952
18084
18226
18296
18713
18968
18970
19112
19210
19262
19376
19387
19542
19574
19906
19928
20168
20280
20288
20696
20858
20888
20971
21043
21056
21300
21560
21626
21734
21824
21850
21866
22002
22114
22182
22234
22400
22520
22566
22928
22930
23048
23168
23256
23265
23297
23426
23794
23842
23864
23940
24032
24058
24067
24233
24268
24416
24648
24728
24824
24840
24866
25003
25112
25304
25440
25452
25841
25952
26064
26081
26122
26124
26218
26416
26502
26530
26554
26600
27038
27322
27331
27344
27512
27710
27761
27992
28361
28488
28740
29088
29218
29227
29266
29288
29323
29520
29526
29534
29552
29602
29720
29880
29936
29962
30335
30434
30680
30756
30872
31188
31208
31258
31440
31498
31651
31708
31736
31890
31963
31972
32072
32184
32203
32240
32262
32340
32408
32426
32430
32434
32794
32864
33134
33224
33416
33636
33680
33720
33754
33878
33888
34001
34036
34116
34184
34500
34771
34808
34906
34976
35172
35192
35294
35630
35700
35793
35960
36036
36058
36128
36316
36322
36348
36350
36458
36505
36512
36632
36713
36870
36883
37450
37578
37680
37688
37721
37890
37908
38024
38102
38225
39080
39189
39350
39446
39512
39558
39706
39872
39974
40034
40459
40594
40686
40712
40762
40769
40810
40856
40934
41144
41376
41450
41480
41674
41888
42024
42224
42250
42321
42403
42608
42708
42776
42890
43118
43186
43376
43387
43450
43692
43712
43821
43904
44097
44146
44214
44299
44432
44448
44676
44792
45108
45204
45329
45691
45820
45846
45876
46140
46200
46400
46544
46596
46624
46632
46784
47054
47074
47166
47395
47436
47480
47604
47706
47784
47792
47870
48200
48322
48344
48464
48514
48523
48638
48686
48752
49040
49416
49472
49480
49500
49574
49592
49721
49734
49780
49854
49937
50024
50050
50384
50508
50984
51010
51176
51642
51665
51700
51730
51946
52132
52136
52166
52304
52472
52476
52536
52781
52788
52856
52908
53078
53126
53648
53690
53731
53764
53928
53936
54012
54050
54052
54082
54106
54120
54272
54312
54384
54418
54576
54617
54728
54744
54774
54900
54922
54944
54984
55168
55230
55232
55308
55502
55607
55734
55786
56000
56144
56194
56212
56220
56504
56648
56768
56834
56888
57062
57104
57204
57272
57416
57442
57519
57554
57854
57920
57953
58020
58190
58262
58354
58592
58618
58862
58939
58980
59035
59123
59297
59534
59866
60064
60568
60784
60828
61547
61811
61981
62188
62221
62244
62245
62269
