1446
129
168
896
1152
1358
1424
1432
1712
2170
2304
2368
2560
2753
2920
3008
3080
3086
3110
3136
3250
3712
3792
3872
4097
4208
4306
4560
4640
4808
4824
5122
5146
5417
5456
5624
5755
5777
5916
5938
5990
6034
6082
6154
6302
6422
6470
6494
6560
6566
6570
6896
6926
7075
7082
7112
7234
7310
7352
7500
7520
7666
7688
7810
7836
7886
7956
8218
8227
8408
8417
8434
8436
8552
8556
8722
8724
8960
8986
8988
9000
9058
9182
9200
9372
9379
9410
9488
9564
9680
9804
10046
10080
10138
10545
10548
10784
10790
10958
11096
11146
11153
11216
11220
11314
11388
11432
11448
11556
11716
11750
11794
11798
11814
11836
11960
11993
12028
12080
12130
12196
12248
12364
12499
12532
12540
12632
12652
12776
12780
12868
13040
13130
13162
13180
13184
13328
13348
13516
13520
13690
13880
13910
14042
14240
14526
14532
14672
14722
14801
14918
14984
15128
15163
15372
15522
15610
15626
16064
16232
16400
16452
16592
16668
16760
16928
17096
17120
17364
17988
18076
18104
18176
18182
18211
18346
18370
18542
18560
18654
19010
19040
19450
19472
19546
19656
19666
19795
19808
19884
19958
20192
20390
20460
20504
20554
20816
20822
21006
21010
21134
21226
21252
21292
21418
21426
21492
21708
21752
21785
21900
21944
22088
22140
22332
22448
22594
22616
22670
22688
22718
22792
23162
23218
23268
23275
23408
23530
23558
23654
23720
23840
23875
24056
24060
24120
24360
24374
24490
24560
24582
24604
24728
24878
24974
25018
25088
25184
25666
25690
25760
25963
26000
26090
26100
26552
26816
26866
26914
27008
27038
27060
27086
27112
27218
27353
27370
27432
27434
27494
27648
27656
27896
28042
28064
28442
28592
28697
28712
28744
28832
29000
29028
29648
29964
30204
30398
30530
30846
30872
30878
31132
31162
31184
31330
31378
31448
31450
31574
31666
31784
31824
31954
31962
32100
32126
32184
32196
32323
32360
32386
32552
32720
32798
32840
33089
33104
33198
33278
33392
33482
33532
33730
33734
33778
33800
33844
33944
34022
34090
34099
34112
34400
34452
34592
34730
34908
35098
35226
35408
35489
35620
35624
35654
35707
35840
35914
36012
36314
36344
36350
36377
36456
36578
36643
36752
36770
36826
36992
37087
37138
37186
37232
37260
37400
37526
37570
37714
37832
38009
38050
38066
38150
38232
38240
38336
38480
38778
38850
39038
39062
39144
39178
39248
39778
39824
40232
40256
40262
40592
40608
40760
41120
41288
41384
41456
41489
41576
41678
41888
41960
41980
42062
42200
42348
42374
42584
42634
42656
43136
43258
43280
43382
43440
43448
43472
43634
43784
43880
44304
44585
44624
44894
45086
45176
45324
45344
45512
45523
45665
45776
45874
45998
46046
46064
46136
46238
46500
46520
46698
46764
47072
47384
47532
47622
47720
47736
47748
47779
47818
48106
48226
48228
48233
48512
48705
48710
48750
48828
48920
48950
49262
49376
49522
49616
49712
49776
49832
50236
50268
50378
50384
50390
50432
50678
50724
50750
50798
50846
50912
50962
50988
51010
51096
51176
51300
51338
51355
51368
51494
51497
51566
51608
51658
51798
51944
51970
52190
52238
52278
52280
52376
52458
52568
52620
52708
52712
52808
52840
52922
52924
52976
53096
53264
53360
53552
53666
53700
54008
54010
54152
54185
54230
54368
54488
54497
54662
54710
54758
54826
54874
54942
55040
55184
55330
55706
55788
55793
55834
56216
56227
56288
56408
56864
57043
57296
57456
57595
57728
57992
58008
58065
58184
58232
58566
58736
58810
58856
59098
59168
59174
59186
59362
59432
59556
59592
59601
59624
59777
59802
60176
60471
60547
60728
60733
60842
60896
61070
61136
61358
61548
61616
61738
61764
62358
62648
62768
62890
63084
63422
63536
63650
63890
63986
64232
64287
64313
64544
64718
64856
64912
65024
65390
65408
65474
65482
65530
65602
65794
65798
65842
65912
66226
66248
66468
66494
66798
66826
67020
67066
67184
67194
67315
67332
67472
67514
67740
67838
67872
67904
67930
68179
68194
68216
68218
68268
68342
68388
68414
68582
68616
68700
68744
68858
68958
68960
69043
69176
69178
69282
69368
69724
69754
69785
69896
69904
70026
70160
70176
70252
70387
70474
70518
70592
70644
70690
70856
70872
71024
71328
71610
71762
71864
72038
72056
72235
72250
72272
72288
72342
72446
72584
72752
72848
73142
73280
73356
73520
73572
73712
74312
74438
74532
74657
74672
74724
74840
74868
75008
75222
75230
75348
75608
75681
75872
75966
76032
76136
76256
76258
76328
76392
76428
76560
76574
76730
77150
77218
77244
77290
77312
77432
77650
77778
77858
77918
77962
78248
78374
78379
78416
78420
78552
78584
78590
78660
78728
78896
78929
78990
79032
79304
79308
79378
79784
80306
80336
80456
80512
80600
80744
80748
80969
81030
81048
81080
81128
81161
81204
81248
81396
81637
81680
81724
81730
81754
82092
82496
82520
82808
83004
83220
83308
83340
83362
83454
83458
83486
83506
83582
83672
83746
83770
83904
83936
84082
84110
84134
84440
84547
84576
84612
84758
84896
84929
84992
85036
85596
85784
85812
85864
85882
85930
85952
85954
86064
86072
86144
86170
86504
86650
86856
87012
87156
87176
87240
87257
87296
87326
87610
87630
87704
87734
88088
88232
88354
88376
88476
88601
89000
89024
89347
89413
89556
89648
89866
89969
90056
90514
90562
90684
90752
90874
90876
91044
91064
91090
91106
91258
91426
91448
91450
91728
91786
92024
92146
92227
92312
92338
92410
92448
92936
92938
92986
93104
93244
93376
93392
93560
93682
93706
93708
93840
93968
93996
94363
94472
94603
94634
94738
94740
94786
94914
95000
95090
95550
95624
95744
95840
95940
95960
95993
96270
96322
96560
96643
96672
96778
96800
96820
96850
97016
97051
97068
97189
97242
97282
97640
97764
97769
97856
97886
98144
98212
98462
98552
98628
98683
98960
99114
99272
99444
99456
99468
99512
99545
99680
99848
100138
100306
100472
100498
100522
100538
100712
100880
101006
101054
101238
101508
101552
101592
101940
102084
102320
102392
102488
102638
102658
102752
102948
103097
103140
103238
103308
103357
103448
103472
103478
103592
103712
103860
103865
103882
104010
104066
104088
104212
104268
104312
104448
104576
104672
104818
104866
105086
105134
105144
105318
105488
105564
105748
105756
105798
105818
105852
105878
105946
105968
106070
106128
106260
106616
106744
106784
106814
106954
107026
107048
107050
107144
107179
107270
107480
107539
107570
107678
107681
107816
107962
107993
108152
108156
108163
108296
108440
108608
108698
108800
108946
109032
109040
109184
109212
109370
109400
109568
109712
109745
109904
110076
110096
110288
110456
110460
110474
110480
110524
110650
110672
110696
110849
111056
111211
111296
111368
111514
111536
111680
111732
111874
111948
111960
112136
112164
112193
112424
112560
112616
112722
112902
112913
112928
113002
113072
113174
113264
113352
113360
113528
113640
113726
113729
113936
114032
114224
114228
114324
114464
114608
114968
115254
115256
115424
115514
115793
115808
115836
115952
116122
116264
116338
116360
116364
116484
116650
116748
116774
116938
116960
116986
117152
117274
117296
117374
117436
117542
117804
117944
118022
118112
118164
118418
118656
118688
118906
118976
119216
119408
119412
119778
119858
119864
120176
120446
120608
120638
120678
120872
120896
120912
121027
121064
121344
121378
121442
121598
121736
121780
121946
122000
122040
122152
122262
122288
122362
122384
122696
122792
123056
123320
123778
123782
123802
123924
123930
123992
124088
124152
124160
124184
124280
124288
124502
124594
124778
124806
125290
125323
125362
125419
125648
125888
126176
126540
126643
126730
126968
127088
127166
127282
127459
127496
127594
127790
127808
128096
128194
128274
128408
128436
128464
128600
128635
128768
128808
128858
128894
129019
129036
129200
129243
129254
129338
129444
129752
129977
129996
130160
130428
130536
130544
130786
130808
130880
130976
131020
131360
131460
131506
131676
131694
131702
131744
132026
132192
132648
132662
132706
132715
132972
133064
133152
133238
133812
134178
134210
134246
134266
134290
134338
134630
134633
134768
134914
135014
135084
135134
135152
135230
135272
135305
135348
135486
135488
135584
135818
135896
135922
136136
136352
136716
136834
137054
137148
137242
137360
137370
137480
137496
137510
137626
137633
137864
137890
138106
138132
138174
138202
138512
138902
139034
139046
139064
139142
139280
139352
139358
139452
139472
139640
139649
139808
139842
139858
140096
140208
140240
140323
140528
140618
140652
140676
140694
140696
140738
140980
140988
141056
141386
141416
141684
141752
141968
142068
142306
142376
142483
142544
142568
142714
142784
142889
143048
143105
143336
143388
143480
143587
143648
143658
143694
143696
143722
143770
143928
143936
143940
144096
144110
144272
144312
144416
144504
144514
144540
144562
144686
144728
144744
144752
144782
144854
144900
144914
144944
144984
145056
145193
145224
145236
145376
145392
145536
145568
145572
145634
145704
145712
145932
145976
146074
146094
146164
146220
146336
146366
146672
146873
146936
147224
147320
147395
147824
147826
147894
148016
148136
148262
148304
148402
148410
148472
148526
148666
148688
148737
148832
149000
149216
149268
149284
149439
149504
149730
149820
149890
149914
149922
150042
150158
150174
150206
150224
150250
150274
150362
150442
150536
150578
150619
150782
150881
150974
151142
151358
151370
152126
153065
153228
153466
153736
154384
154622
154696
154864
155080
155270
155292
155296
155440
155509
156059
156301
156325
156820
156828
