357
24
224
393
464
602
634
704
715
770
1066
1240
1385
1552
2078
2120
2126
2360
2672
2842
2864
2986
2994
3010
3048
3102
3104
3106
3226
3266
3318
3566
3658
3770
3776
3828
3906
3936
3992
4088
4212
4304
4392
4466
4572
4640
4788
4952
5120
5146
5170
5336
5436
5556
5650
5720
5820
6028
6080
6224
6244
6392
6403
6418
6460
6542
6590
6632
6648
6700
6732
6800
6835
6888
7090
7112
7116
7184
7214
7332
7596
7640
7788
8168
8208
8336
8409
8530
8561
8696
8746
8968
9178
9200
9252
9272
9418
9444
9576
9739
9787
10046
10136
10156
10280
10348
10520
10521
10642
10658
10690
10712
10974
11144
11266
11312
11408
11448
11502
11598
11720
11850
11912
11972
12043
12296
12425
12512
12523
12560
12604
12608
12848
12950
13016
13140
13184
13308
13856
13898
14383
14600
14678
14778
14840
14912
15096
15152
15250
15298
15564
15608
15634
15713
15872
15912
15916
15924
15962
16326
16472
16505
16640
16860
16958
16976
17474
17546
17793
17832
17840
17940
17966
18000
18032
18108
18128
18185
18302
18504
18536
18582
18846
19162
19258
19265
19306
19382
19430
19544
19579
19650
19810
19937
19980
20072
20076
20360
20554
20576
21043
21248
21326
21448
21608
21732
21920
22088
22128
22232
22344
22354
22692
22738
23186
23216
23242
23480
23658
23720
23726
23729
23947
24062
24128
24248
24434
24440
24624
24680
24754
24914
25092
25160
25459
25640
25952
26092
26096
26122
26124
26724
26851
26976
26988
27080
27224
27320
27348
27497
27702
27706
27730
27739
27992
28056
28160
28308
28319
28334
28478
28483
28562
28612
28776
28934
28937
28956
29168
29361
29410
29864
30002
30235
30248
30355
30584
30626
30636
30796
30806
31236
31280
31322
31353
31435
31446
31520
31795
31816
31898
31926
32120
32356
32514
32578
32586
32702
32864
32921
33080
33086
33098
33270
33422
33536
33576
33658
33792
34001
34008
34064
34128
34296
34306
34330
34616
34625
34710
34852
34952
34982
35048
35131
35292
35504
35672
35801
35816
36106
36128
36250
36558
36586
36608
36682
36722
36898
37022
37106
37226
37468
37618
38098
38122
38201
38242
38290
38365
38464
38506
38824
39040
39256
39563
39587
39652
39828
