4457
26
144
152
345
632
633
800
873
974
1520
1569
1641
2103
2265
2304
2384
2552
2744
2967
3177
3224
3472
3568
3760
3864
4048
4136
4192
4424
4481
4768
4904
4954
4960
5026
5078
5216
5224
5288
5384
5392
5512
5752
5920
5960
6208
6353
6584
6592
6800
6874
6878
6946
7064
7243
7642
7666
7690
7937
8074
8122
8170
8240
8816
9128
9344
9440
9656
9944
9992
10122
10162
10272
10302
10354
10448
10512
10522
10526
10544
10546
10555
10570
10634
10740
10854
10920
10952
10974
11002
11098
11270
11314
11338
11386
11417
11430
11528
11537
11720
11738
11746
11892
11912
11928
12008
12096
12104
12226
12322
12346
12446
12458
12571
12584
12824
12830
12852
12922
13010
13016
13046
13049
13188
13376
13378
13616
13808
13908
13928
14076
14192
14244
14388
14528
14820
14984
15204
15250
15444
15490
15560
15571
15612
15658
15780
15968
15996
16188
16256
16264
16356
16448
16524
16575
16640
16692
16810
16962
17148
17240
17460
17480
17580
17650
17698
17792
17801
17882
17960
18084
18130
18296
18464
18512
18684
18848
18946
18968
18970
19166
19184
19190
19241
19428
19526
19592
19622
19644
19736
19834
19956
20040
20138
20192
20244
20380
20384
20544
20552
20572
20652
20722
20746
20764
21100
21296
21340
21440
21462
21506
21512
21532
21585
21628
21796
21854
21922
21970
22108
22116
22212
22276
22468
22520
22636
22852
22926
22928
23020
23188
23190
23216
23388
23404
23408
23596
23772
23842
23964
24152
24276
24422
24427
24656
24728
24811
24924
25152
25184
25208
25230
25280
25459
25574
25736
25752
25954
25976
26177
26746
26753
26772
26792
26808
26958
26964
27062
27204
27298
27394
27608
27634
27642
27682
27758
27804
27872
27992
28022
28260
28450
28564
28616
28666
28668
28680
28708
28714
28784
28856
28937
28956
29096
29152
29222
29313
29334
29336
29337
29408
29504
29546
29912
30030
30080
30132
30426
30538
30606
30636
30708
31088
31184
31208
31282
31376
31404
31544
31596
31622
32000
32151
32216
32432
32682
32938
33017
33026
33096
33180
33278
33322
33362
33468
33536
33690
33806
33822
33946
33970
34138
34208
34210
34334
34448
34474
34712
34732
34882
35057
35072
35100
35214
35412
35528
36086
36416
36466
36632
36642
36752
36776
36864
36918
37282
37289
37406
37640
37646
37766
37784
37800
38024
38192
38282
38474
38779
38816
38960
39152
39560
39593
39710
39758
39782
39992
40022
40116
40232
40267
40404
40498
40694
40758
40934
41024
41026
41096
41174
41323
41340
41460
41578
41604
41683
41964
41990
42228
42336
42338
42344
42346
42521
42536
42540
42566
42824
42830
43016
43376
43760
43771
43826
44126
44194
44390
44408
44480
44602
44720
44796
44984
45082
45152
45174
45248
45377
45396
45684
45776
46128
46236
46310
46339
46396
46448
46450
46498
46502
46616
46626
46742
46786
46860
46862
47386
47458
47530
47633
47792
47890
47912
47932
47986
48080
48144
48176
48194
48370
48536
48658
48684
48848
48992
49064
49232
49356
49572
49712
50000
50546
50554
50602
50730
50769
50818
50840
50942
50960
51054
51082
51104
51200
51348
51394
51506
51512
51632
51706
51768
51776
51920
51996
52027
52044
52088
52206
52280
52435
52568
52622
52658
52673
52714
52745
52762
52786
52859
52952
53342
53432
53676
53678
53683
53696
53766
53856
53912
54254
54314
54586
54590
54680
54848
54968
55056
55116
55210
55400
55406
55498
55547
55592
55596
55640
55675
56144
56244
56292
56323
56338
56386
56526
56716
56718
56768
56966
57298
57324
57346
57608
57634
57888
57896
58064
58066
58114
58136
58238
58304
58424
58718
58913
58928
59072
59198
59240
59354
59376
59408
59438
59506
59578
59696
59724
59786
59860
60034
60158
60226
60440
60480
60660
60752
60792
61114
61184
61193
61568
61660
61740
61860
62030
62054
62216
62264
62352
62384
62459
62624
62751
63008
63120
63176
63178
63376
63394
63416
63562
63632
63706
63840
63900
64138
64162
64296
64338
64376
64426
64520
64550
64616
64808
65000
65144
65196
65264
65426
65462
65602
65696
65990
66008
66034
66082
66224
66307
66662
66920
67042
67112
67258
67280
67336
67380
67448
67464
67514
67548
67570
67760
67793
67812
67830
67928
68000
68059
68288
68360
68600
68628
68744
69056
69244
69320
69353
69416
69536
69752
69776
69922
70104
70136
70166
70428
70644
70708
70740
70858
70860
71144
71312
71456
71522
71676
72032
72104
72115
72120
72154
72202
72366
72530
72538
72632
72800
72803
72874
72972
72992
73112
73162
73352
73354
73368
73472
73593
73664
73778
73786
73828
73848
73880
74168
74275
74418
74552
74744
74792
74832
74916
74978
74984
75202
75224
75283
75320
75348
75488
75560
75704
75992
76136
76284
76286
76346
76496
76620
76664
76832
77070
77096
77340
77555
77650
77822
77823
77914
78102
78152
78320
78440
78824
78898
78946
79080
79140
79276
79352
79361
79472
79640
79689
79808
79928
80000
80024
80081
80146
80168
80220
80364
80384
80462
80532
80630
80936
81128
81158
81338
81536
81562
81628
81634
81708
81752
81842
82040
82092
82184
82260
82402
82418
82632
82832
83022
83196
83312
83424
83456
83744
83816
83868
84108
84276
84344
84360
84464
84490
84902
84920
85140
85208
85411
85424
85544
85608
85762
85784
85858
85865
85982
86030
86120
86288
86616
86624
86648
86724
86744
86866
86884
86888
87065
87108
87170
87220
87283
87442
87497
87584
87617
87737
87896
88112
88142
88353
88428
88496
88592
88656
88688
88808
89000
89120
89136
89152
89438
89474
89624
89714
89798
89916
90080
90206
90612
90680
90780
90840
90874
90922
91044
91184
91262
91288
91456
91518
91646
91664
91808
91882
91956
92076
92508
92577
92720
92736
92820
93152
93252
93270
93368
93414
93560
93802
93830
94586
94812
94832
94862
95048
95244
95312
95386
95412
95794
95842
96194
96228
96584
96592
96612
96780
96950
97008
97217
97315
97346
97520
97548
97622
97762
97920
97926
97956
98054
98186
98390
98472
98480
98698
98778
98842
98844
98888
98962
98966
99028
99540
99547
99608
99722
100097
100280
100574
100736
100832
100862
100889
100954
100994
101011
101242
101384
101528
101600
101792
101796
101936
102008
102130
102178
102344
102394
102468
102566
102586
102619
102658
102835
102878
102996
103049
103190
103310
103378
103448
103560
103594
103670
103858
104024
104074
104078
104122
104316
104386
104482
105002
105056
105296
105320
105420
105464
105560
106138
106376
106592
106882
106928
107208
107360
107788
107960
108041
108056
108278
108330
108395
108516
108534
108547
108684
108872
109056
109138
109180
109230
109402
109692
109738
109862
109880
110080
110192
110208
110288
110314
110434
110532
110552
110554
110558
110561
110618
110672
110729
110746
110755
111178
111226
111248
111350
111421
111422
111434
111506
111518
111545
111642
111704
111732
111800
111896
111948
112208
112212
112248
112250
112378
112402
112530
112618
112742
112778
112790
112963
113144
113340
113360
113386
113408
113888
114244
114446
114516
114560
114680
114752
114920
114968
115282
115524
115688
115712
115771
115782
115832
115874
116391
116504
116672
116676
116718
116746
116750
116755
116960
117060
117154
117294
117412
117420
117464
117538
117602
117636
117920
117942
118064
118142
118291
118330
118400
118524
118852
118956
118976
119059
119144
119266
119312
119456
119486
119580
119598
119635
119648
119698
119720
119746
119774
119936
119938
120152
120278
120396
120504
120830
120896
120970
121018
121114
121241
121308
121446
121640
121736
121882
121974
122004
122292
122432
122480
122698
122768
122834
122842
122880
122912
122923
123048
123056
123200
123228
123300
123320
123346
123926
124022
124046
124184
124328
124544
124554
124592
124668
124784
125432
125534
125600
125624
125720
125864
125936
126080
126446
126464
126632
126680
126848
127036
127068
127094
127214
127328
127400
127411
127524
127577
127616
127632
127714
127762
127771
127780
127784
127810
128172
128312
128336
128504
128724
128864
128894
128916
129036
129200
129346
129368
129488
129504
129521
129562
129704
129744
129776
129922
129944
129960
129996
130112
130138
130352
130458
130625
130766
130952
131096
131100
131388
131456
131624
131700
131910
131985
131986
132026
132074
132206
132320
132348
132475
132560
132680
132874
132942
133112
133258
133376
133542
133544
133958
134006
134028
134066
134194
134508
134600
134888
134920
135056
135098
135224
135402
135444
135490
135614
135684
135704
135828
136104
136136
136162
136282
136306
136644
136664
136708
136856
137024
137118
137144
137148
137482
137700
138010
138050
138058
138248
138440
138540
138578
138896
138926
139064
139068
139180
139232
139526
139555
139568
139594
139760
139952
140288
140406
140480
140488
140530
140558
140600
140696
140752
140768
140906
141000
141056
141172
141248
141344
141612
141656
141674
141804
141844
141968
142016
142184
142238
142350
142476
142616
142625
142745
142902
142928
143640
143720
143744
143844
143860
143912
144228
144470
144488
144680
144712
144730
144802
144850
144872
145040
145142
145234
145260
145304
145428
145601
145664
145675
145856
145904
145976
146168
146190
146336
146580
146690
146696
146864
146962
147104
147178
147248
147344
147512
147680
147691
147852
147979
147992
148138
148380
148385
148468
148472
148568
148576
148590
148736
148976
149046
149050
149072
149074
149286
149316
149334
149528
149696
149825
149966
150014
150062
150065
150128
150331
150345
150464
150536
150614
150680
150696
150722
150752
150924
151066
151190
151258
151588
151640
151656
151742
151882
151896
151904
152100
152114
152120
152170
152194
152220
152504
152672
152945
153086
153128
153206
153254
153464
153536
153564
153632
153992
154092
154136
154156
154478
154584
154650
154670
154738
154804
154904
154961
155018
155026
155288
155336
155576
155792
155960
156124
156130
156198
156464
156591
156728
156758
156806
156854
156896
156968
157200
157448
157464
157496
157548
157716
157832
157882
158002
158024
158064
158100
158432
158530
158722
158816
158910
158914
158940
159128
159163
159296
159636
159682
159809
160070
160134
160232
160296
160328
160332
160664
160666
160736
160928
161006
161066
161160
161480
161530
161842
162038
162296
162582
162584
162588
162752
162776
162780
162874
162912
162922
163118
163280
163282
163304
163330
163568
163664
163692
163706
163860
163880
163928
164102
164262
164264
164328
164354
164395
164412
164532
164548
164726
164960
165043
165344
165492
165666
165780
165858
166088
166233
166356
166568
166640
166664
166826
166832
167000
167174
167216
167297
167698
167746
167768
167890
167918
167922
168086
168158
168331
168366
168392
168398
168484
168516
168538
168634
168848
168850
169089
169158
169226
169280
169310
169404
169454
169520
169572
169594
169618
169627
169658
169666
169834
169862
169952
169958
170074
170144
170299
170318
170539
170604
170648
170730
170736
170864
171178
171200
171416
171446
171800
171970
171975
171992
172092
172193
172306
172328
172430
172500
172784
173000
173030
173225
173240
173530
173570
173604
173624
173664
173928
173966
173984
174080
174132
174344
174442
174512
174648
174800
174859
175108
175142
175338
175642
175760
175802
175872
176048
176096
176114
176742
176890
177200
177344
177348
177374
177416
177612
177632
177648
177656
177713
177992
178142
178339
178550
178712
178714
178952
179033
179244
179297
179441
179626
179640
179794
179840
180031
180034
180056
180124
180158
180206
180228
180242
180344
180560
180656
180792
180800
180968
181886
182000
182006
182027
182190
182338
182554
182678
182794
183176
183222
183274
183416
183680
183920
183950
184296
184428
184498
184520
184664
184880
184886
185100
185142
185338
185380
185412
185600
185609
185714
185838
185864
185942
186010
186024
186032
186111
186270
186398
186442
186451
186560
186632
186715
186850
186898
186945
187112
187123
187138
187289
187544
187740
187795
187834
187860
187994
188006
188011
188048
188222
188336
188412
188456
188534
188630
188702
188746
189274
189296
189398
189554
189658
189706
189944
190090
190118
190258
190568
190646
190688
190764
190832
191052
191150
191168
191360
191412
191482
191554
191676
191801
191962
192058
192194
192198
192226
192464
192538
192662
192752
192857
192984
193046
193214
193328
193618
193714
193808
193838
193904
194024
194074
194098
194371
194600
194672
194726
194978
195200
195226
195418
195425
195504
195608
195614
195796
195804
195992
196016
196263
196330
196378
196394
196584
196620
196788
196838
196882
196906
197144
197164
197456
197576
197746
197768
197984
198056
198163
198224
198492
198545
198608
198691
198800
198830
198874
198890
198944
199088
199304
199382
199434
199698
199740
199766
199856
200144
200198
200258
200360
200480
200574
200792
200858
200888
201034
201152
201158
201192
201272
201386
201586
201710
201804
201992
202084
202112
202114
202154
202184
202190
202328
202435
202442
202457
202500
202538
202544
202577
202650
202736
202954
203222
203227
203290
203414
203472
203498
203504
203530
203550
203696
203698
203746
203750
203808
203870
203938
204126
204224
204344
204396
204488
204612
204656
204896
204986
205086
205195
205416
205496
205810
205832
205880
206000
206288
206290
206321
206434
206574
206626
206827
207128
207353
207386
207440
207560
207612
207684
207728
207920
208092
208402
208574
208586
208646
208686
208718
208856
208896
208906
208928
209078
209168
209198
209474
209514
209600
210224
210232
210252
210444
210512
210641
210883
210992
211112
211321
211328
211483
211592
211680
211688
211880
211910
211936
211978
211992
212000
212048
212198
212220
212246
212360
212674
213082
213150
213272
213560
213656
213658
213706
213782
213878
213883
213994
214160
214328
214434
214544
214553
214572
214710
214740
214880
214920
215000
215120
215198
215222
215360
215432
215596
215624
215746
215816
216170
216224
216240
216278
216408
216643
216800
216808
216896
216912
217306
217344
217590
217706
217880
218048
218240
218990
219128
219302
219512
219794
219872
219880
220112
220190
220376
220448
220466
220520
220640
220856
221028
221096
221168
221264
221424
221438
221480
221568
221600
221628
221768
221796
221798
221986
222078
222320
222490
222562
222680
222904
222946
223062
223073
223166
223186
223212
223355
223402
223544
223760
224072
224122
224316
224323
224478
224482
224486
224698
224720
224960
225080
225209
225274
225398
225638
225686
225710
225728
225811
225920
225992
226008
226400
226838
226896
226937
226978
227052
227240
227246
227268
227336
227369
227384
227388
227482
227650
227792
228152
228396
228440
228460
228492
228632
228778
228852
228920
229160
229322
229370
229498
229507
229520
229690
229824
229856
229867
230121
230154
230234
230260
230264
230658
230726
230768
230938
231072
231080
231084
231384
231392
231464
231708
231992
232570
232592
232784
232884
233096
233264
233316
233390
233408
233576
233680
233736
233888
233899
234258
234392
234417
234438
234595
234722
234848
234948
235044
235070
235073
235234
235256
235344
235459
235554
235649
235738
235747
235808
235928
235970
236094
236208
236288
236290
236356
236364
236552
236652
236820
236824
237012
237030
237274
237348
237360
237540
237608
237804
237874
237896
237970
237996
238097
238140
238182
238280
238376
238496
238784
238802
239144
239196
239364
239408
239472
239648
239666
239840
240008
240082
240340
240521
240538
240638
240682
240800
240994
240998
241122
241193
241282
241496
241664
241666
241832
242048
242126
242155
242194
242264
242364
242696
242742
242744
242820
242845
242963
243032
243082
243204
243259
243418
243482
243488
243552
243870
244363
244394
244520
244824
244937
245048
245096
245120
245170
245480
245624
245798
245912
246235
246264
246492
246536
246680
246826
246848
246874
246922
247041
247066
247116
247142
247267
247856
248262
248384
248528
248558
248720
248726
248886
249008
249102
249176
249206
249209
249298
249384
249416
249538
249560
249708
249872
249914
249920
250136
250243
250425
250504
250814
250819
250858
250922
251122
251264
251336
251362
251534
251630
252008
252058
252108
252416
252584
252710
252756
253160
253236
253363
253666
253791
253906
254168
254264
254360
254412
254448
254600
254722
254744
254753
255086
255096
255224
255266
255320
255396
255440
255448
255680
255700
255758
255872
255944
256304
256354
256476
256544
256834
256882
257153
257194
257362
257462
257554
257650
257672
257716
257724
257778
257786
257792
257894
258128
258331
258344
258578
258752
258924
259070
259184
259236
259262
259308
259372
259380
259454
259502
259536
259620
259736
259747
259824
259891
259898
259992
260126
260174
260240
260472
260610
260626
260648
260678
260720
260798
261128
261302
261326
261350
261636
261680
261848
261880
261992
262160
262282
262382
262520
262760
262884
262922
262982
263072
263144
263288
263384
263585
263626
263628
263842
263943
264032
264058
264254
264276
264302
264316
264370
264648
264680
264782
265086
265094
265160
265212
265250
265514
265544
265584
265664
265862
266098
266146
266166
266194
266216
266318
266364
266472
266504
266530
266772
266786
266816
266870
267416
267458
267512
267636
267826
267878
267896
267944
268084
268099
268112
268352
268406
268819
268856
268994
269122
269131
269192
269194
269292
269318
269456
269552
269755
269816
270128
270202
270466
270514
270608
270634
270902
270946
270953
270994
271016
271099
271140
271182
271240
271304
271442
271496
271624
271752
271758
271784
271793
271819
272105
272220
272338
272579
272842
272896
272976
272984
273104
273180
273272
273492
273538
273602
273722
273728
273730
273892
273948
274003
274020
274464
274498
274712
274920
275120
275194
275428
275510
275960
276002
276008
276010
276350
276395
276560
276648
276848
276968
277145
277160
277315
277328
277400
277476
277540
277570
277638
277834
278046
278054
278288
278510
278530
278624
278796
279008
279091
279178
279186
279272
279440
279446
279523
279594
279614
279824
280184
280236
280544
280586
280738
281096
281353
281384
281462
281664
281705
281744
281792
282170
282355
282608
282776
282944
282946
283162
283446
283553
283592
283666
283688
283788
283880
283920
283930
284011
284120
284314
284323
284460
284504
284506
284530
284578
284774
284912
284916
284952
285132
285416
285678
285758
285872
286104
286112
286208
286272
286286
286352
286880
287052
287066
287072
287294
287312
287436
287650
287720
287892
287910
287920
288104
288272
288392
288612
288752
288754
288820
288882
288900
289137
289262
289400
289454
289592
289736
289913
290002
290028
290200
290216
290268
290384
290408
290482
290520
290570
290722
290744
291130
291158
291224
291392
291470
291708
291739
291896
291905
291948
291977
292090
292234
292352
292356
292360
292540
292574
292616
292784
292786
292884
293024
293102
293146
293438
293552
293720
293768
293796
293936
293962
294242
294281
294298
294324
294450
294512
294610
294728
294824
294866
294896
295112
295140
295282
295322
295330
295457
295712
295738
295764
295862
295889
296011
296076
296504
296702
296808
296866
296888
297032
297122
297198
297224
297307
297368
297632
297634
297702
297704
297902
298118
298308
298478
298603
298608
298874
298934
298972
299096
299102
299138
299240
299434
299454
299508
299596
299890
299932
299986
300034
300104
300106
300178
300248
300259
300298
300374
300422
300512
300660
300706
300960
301070
301088
301146
301326
301406
301496
301522
301856
301886
302024
302074
302192
302266
302528
302576
302768
302820
302942
303104
303233
303302
303368
303379
303464
303536
303614
303800
303872
303944
303968
303974
304232
304265
304649
304664
304694
304898
305052
305073
305120
305192
305312
305410
305491
305600
305657
305664
306080
306184
306254
306272
306327
306584
306626
306690
306778
306800
306848
307424
307976
308100
308168
308179
308196
308336
308366
308465
308624
308792
308936
308962
309010
309091
309257
309324
309488
309540
309584
309707
309732
309800
309868
309878
309968
309974
309994
310023
310065
310232
310296
310560
310568
310616
311168
311362
311600
311688
311726
311868
311960
312048
312060
312080
312156
312170
312368
312442
312466
312536
312704
312726
312872
312896
313128
313134
313136
313286
313310
313568
313740
313760
314216
314294
314323
314450
314556
314603
314624
314936
314982
315104
315324
315392
315516
315560
315632
315754
316014
316188
316526
316548
316592
316718
316862
316978
317000
317092
317456
317768
317825
317930
317936
318019
318154
318176
318233
318344
318442
318470
318540
318562
318728
318828
318896
319020
319112
319328
319472
319574
319603
319692
319808
319884
319903
320000
320083
320122
320150
320334
320552
320568
320624
320772
320916
321008
321086
321134
321252
321331
321370
321392
321590
321632
321636
321728
321730
321866
321968
322068
322304
322424
322496
322608
322760
322800
322808
322841
323268
323270
323433
323480
323576
323794
323906
324012
324041
324058
324176
324400
324488
324582
324586
324632
324875
324900
324992
325132
325136
325296
325308
325409
325664
325710
325746
325880
326120
326172
326288
326414
326456
326489
326528
326700
326912
327041
327200
327348
327412
327494
327562
327564
327610
327916
327968
328094
328112
328142
328164
328184
328496
328736
328950
329000
329050
329098
329120
329264
329362
329556
329648
329705
329738
330056
330080
330134
330294
330368
330560
330582
330610
330684
330720
330787
330968
331092
331202
331208
331336
331668
331743
331808
331836
331880
331904
331920
332076
332150
332168
332456
332580
332794
332888
333052
333080
333200
333296
333336
333584
333641
333754
333798
333896
333928
334160
334267
334308
334352
334354
334420
334426
334474
334566
334638
334740
334856
335100
335290
335362
335486
335696
335720
336034
336108
336206
336228
336396
336434
336464
336732
336800
337208
337328
337354
337570
337688
337976
338264
338482
338491
338550
338600
338604
338698
339462
339466
339560
339638
339992
340234
340394
340448
340546
340760
340865
340898
341024
341076
341144
341170
341179
341216
341450
341480
341624
341773
341986
342128
342264
342272
342392
342416
342444
342456
342470
342538
342608
342896
343044
343088
343224
343276
343284
343304
343344
343500
343632
343640
343650
343788
343856
344170
344600
344602
344705
344744
345088
345108
345194
345368
345418
345504
345584
345708
345780
345872
345924
346136
346188
346280
346454
346458
346640
346800
346884
347096
347098
347107
347371
347576
347606
347696
348132
348248
348392
348762
349062
349112
349116
349138
349280
349398
349656
349712
349880
349884
349982
350000
350076
350168
350196
350225
350318
350336
350360
350506
350528
350554
350674
350726
350750
350762
350816
351008
351132
351224
351440
351600
351632
351684
351770
351778
351826
351844
351947
351955
351996
352027
352070
352114
352136
352500
352620
352932
353118
353168
353467
353748
353888
354050
354056
354062
354368
354425
354512
354964
354968
354996
355402
355472
355546
355594
355810
355832
355836
356188
356196
356288
356328
356364
356408
356508
356578
356648
356670
356888
356916
356976
357206
357512
357609
357632
357900
358233
358280
358452
358570
358618
358640
358788
358814
358824
358856
358929
359168
359172
359200
359316
359484
359576
359578
359585
359604
359611
359624
359731
359748
359792
360000
360010
360032
360084
360139
360474
360480
360580
360584
360614
360656
360926
361262
361361
361396
361426
361579
361601
361640
361716
361976
361987
362079
362246
362266
362384
362552
362626
362748
362750
362768
362786
362870
362984
363056
363058
363464
363680
363804
363872
363878
363968
364042
364064
364133
364212
364238
364376
364428
364592
364644
364886
364904
364934
364982
365114
365186
365220
365576
365622
365648
365816
366202
366368
366488
366660
366680
366706
366892
366922
367258
367638
367716
367786
367856
367998
368024
368192
368240
368251
368428
368436
368552
368633
368700
369058
369080
369176
369209
369326
369392
369704
370066
370398
370505
370570
370736
370937
371102
371216
371273
371408
371436
371443
371478
371668
372010
372210
372326
372338
372408
372490
372512
372704
372922
372924
372931
372946
373306
373400
373430
373670
373788
373880
373896
373939
374024
374216
374258
374328
374386
374484
374580
374792
374908
375002
375008
375010
375200
375216
375230
375490
375758
375800
375944
375968
376134
376136
376234
376282
376564
376697
376842
377120
377128
377360
377480
377580
377822
377864
377894
378032
378176
378306
378486
378586
378610
378612
378617
378756
378794
378842
378896
378902
379280
379344
379378
379472
379500
379568
379592
379646
379760
379906
380000
380030
380168
380246
380342
380360
380484
380628
380670
380744
380912
380984
381034
381043
381276
381368
381468
381494
381560
381660
381758
381776
382064
382166
382262
382265
382502
382548
382712
382832
382904
382978
383216
383256
383288
383410
383432
383744
383755
383816
383984
384235
384272
384318
384336
384368
384492
384578
384896
384920
385036
385088
385134
385307
385376
385440
385848
386048
386170
386184
386240
386340
386356
386576
386960
387000
387176
387228
387272
387314
387370
387632
387684
387800
387850
387972
388140
388448
388594
388616
388718
388935
389006
389054
389268
389299
389310
389336
389360
389508
389844
389870
390067
390080
390390
390564
390704
390732
390768
390776
390835
390874
390896
390992
391064
391188
391354
391435
391448
391474
391644
391712
391850
391908
392192
392218
392220
392386
392408
392434
392554
392654
392678
392744
392748
392990
393008
393157
393230
393388
393420
393614
393704
393754
393778
393994
394020
394208
394352
394468
394496
394592
394694
394706
394721
394740
394812
394904
394980
394992
395172
395290
395294
395424
395480
395587
395726
395798
395842
395848
395919
396014
396490
396562
396578
396660
396686
396897
396996
397074
397184
397520
397529
397592
397664
397784
397884
397978
398096
398174
398198
398290
398432
398508
398552
398626
398700
398770
398792
398840
398942
399052
399176
399222
399368
399494
399614
399722
399907
399968
400060
400184
400276
400284
400644
400784
400788
400839
400952
401002
401050
401168
401602
401624
401633
401648
401808
401810
401846
401912
402038
402089
402104
402134
402331
402344
402416
402518
402872
402970
402992
403112
403145
403282
403496
403502
403507
403932
403948
403976
404083
404122
404138
404216
404269
404288
404432
404624
404724
404762
404888
405034
405058
405296
405488
405588
405896
405914
406306
406313
406402
406478
406498
406718
406736
406928
406994
407048
407114
407124
407168
407222
407362
407432
407624
407744
407746
407936
408010
408038
408074
408348
408374
408440
408636
408680
408854
409094
409114
409136
409280
409282
409330
409352
409664
409668
409832
409930
410048
410126
410170
410465
410604
410706
410808
410816
410842
411080
411104
411272
411466
411492
411536
411728
411824
411874
411916
412058
412112
412308
412640
412673
412756
412784
412795
412882
413432
413528
413530
413622
413796
413897
414062
414110
414200
414368
414798
414835
414921
414968
415027
415256
415404
415416
415448
415723
415832
415880
415976
416078
416274
416340
416382
416674
416816
416932
416960
417132
417392
417604
417866
417944
418104
418138
418186
418210
418374
418378
418400
418548
418592
418760
418880
418994
419234
419244
419642
419696
419784
419936
419966
419982
420016
420032
420056
420060
420290
420296
420512
420608
420658
420752
420782
420854
420900
420984
421112
421296
421481
421496
421507
421642
421754
422050
422096
422131
422604
422840
423010
423110
423320
423410
423418
423584
423636
423852
423892
424027
424160
424308
424310
424354
424592
424760
425046
425048
425216
425340
425384
425720
425794
425864
425890
425910
425940
426014
426036
426080
426091
426466
426588
426593
426776
426848
426864
427064
427104
427112
427280
427472
427664
427904
428074
428144
428194
428434
428576
428633
428712
429082
429108
429112
429154
429174
429176
429240
429278
429296
429376
429512
429672
429678
429758
429802
429826
429872
430088
430350
430376
430452
430620
430736
430910
430926
431030
431088
431176
431212
431216
431220
431336
431419
431456
431630
431768
431798
431960
432132
432134
432152
432198
432318
432368
432379
432432
432488
432540
432804
432830
432872
432936
432992
433018
433025
433122
433232
433378
433516
433544
433728
433766
433808
433954
433976
434006
434028
434120
434222
434436
434582
434720
434814
434844
434888
434986
435008
435160
435230
435324
435390
435392
435504
435696
435776
435950
435970
436064
436106
436256
436338
436370
436426
436448
436454
436603
436666
436686
436688
436754
436880
436932
436963
437050
437316
437456
437476
437484
437496
437532
437576
437720
437740
437820
437827
438012
438148
438200
438272
438288
438440
438504
438560
438624
438656
438800
439282
439474
439500
439760
439828
439909
440000
440203
440312
440558
440650
440792
440846
440912
440958
440962
441032
441056
441130
441154
441226
441488
441564
441704
441734
441800
441826
441888
441920
441950
441996
442022
442112
442188
442356
442474
442536
442690
442790
442880
442882
443736
443846
444056
444060
444252
444440
444472
444804
444830
444968
445116
445474
445860
446144
446384
446768
446798
447176
447364
447374
447422
447488
447656
447682
447920
447926
447974
448042
448166
448232
448283
448328
448430
448497
448529
448714
448860
449000
449028
449042
449056
449152
449194
449196
449436
449510
449742
449768
449880
450008
450146
450154
450156
450488
450619
450680
450728
450804
450900
450944
450960
451112
451190
451232
451394
451712
451954
451956
452120
452177
452218
452266
452294
452314
452480
452508
452964
452978
453058
453080
453186
453272
453528
453600
453608
453634
453666
453752
453768
453992
454032
454064
454200
454232
454320
454536
454544
454612
454618
454712
454752
454790
454832
454838
454858
454886
454920
455000
455064
455096
455232
455352
455406
455520
455552
455580
455832
455840
455866
456000
456056
456192
456224
456302
456440
456456
456536
456624
456728
456744
456882
457016
457042
457088
457184
457193
457524
457642
457692
457832
457856
458203
458216
458218
458340
458432
458674
458849
459110
459272
459440
459470
459492
459656
459780
459896
459922
460064
460073
460194
460280
460374
460472
460760
460934
460956
460976
460982
461144
461177
461240
461340
461480
461582
461648
461792
461990
462019
462080
462200
462464
462728
462857
462874
462900
462920
462962
462972
462998
463088
463123
463328
463442
463476
463544
463716
463723
463900
463908
464126
464148
464386
464388
464414
464432
464580
464602
464722
464827
464934
464936
464938
465108
465130
465134
465250
465274
465322
465394
465566
465586
465614
465706
465918
465972
466014
466064
466140
466232
466310
466386
466424
466474
466498
466522
466548
466788
466904
466937
467438
467578
467626
467635
467803
468156
468556
468610
468665
469042
469291
469476
469481
470462
470488
470656
470788
470818
470846
470870
470920
471520
471880
471900
472144
472336
472528
472672
472838
473392
473560
473596
474203
474736
474781
475954
476100
476387
476579
476603
476626
