3252
111
320
488
585
648
705
768
920
1056
1640
1712
2193
2223
2600
2794
2823
3008
3014
3040
3208
3376
3643
3800
3808
4094
4168
4184
4552
4584
4712
4738
4816
4958
5008
5048
5064
5323
5336
5344
5512
5672
5880
5942
5962
6032
6272
6392
6401
6614
6662
6704
6776
6872
7114
7282
7310
7505
7664
7856
7886
8009
8635
8657
8794
8862
9039
9202
9344
9355
9394
9442
9470
9577
9780
9802
9994
10042
10090
10162
10243
10328
10406
10416
10506
10520
10570
10782
10862
10906
10930
10994
11096
11102
11251
11338
11441
11450
11658
11738
11940
11984
12102
12180
12296
12536
12564
12640
12656
12708
12830
12840
12872
12924
13091
13136
13214
13406
13428
13458
13766
13812
13952
14004
14100
14316
14436
14816
14916
15372
15488
15540
15681
15686
15708
15782
15830
16088
16236
16258
16328
16560
16790
16880
16884
17124
17150
17314
17434
17539
17556
17596
17624
17716
17884
17918
18052
18206
18244
18326
18412
18440
18536
18580
18676
18684
18706
18744
18794
18844
18850
18968
18996
19012
19070
19180
19234
19306
19324
19378
19402
19426
19450
19516
19732
19740
19742
19766
19904
19948
20057
20116
20194
20378
20534
20563
20600
20652
20698
20820
20873
20982
21104
21204
21231
21257
21296
21806
21872
21878
22328
22424
22440
22496
22649
22802
22856
22930
22952
23081
23198
23202
23336
23586
23672
23779
23904
23960
24128
24170
24224
24344
24516
24538
24704
24734
24802
24900
24946
24986
25330
25448
25454
25526
25551
25692
25712
25734
25904
25932
25958
26078
26216
26246
26338
26360
26458
26520
26578
26604
26624
26774
26872
26912
26940
27080
27156
27248
27278
27281
27300
27320
27384
27444
27488
27576
27608
27704
27705
28025
28116
28186
28195
28304
28416
28472
28568
28601
28664
28716
28886
28998
29208
29456
29650
29726
29850
29960
30056
30355
30392
30412
30444
30634
30704
30732
30972
31040
31256
31500
31520
31540
31756
31778
31934
32030
32052
32094
32130
32240
32362
32384
32458
32506
32616
32864
32910
33056
33072
33104
33296
33322
33348
33626
33667
33734
33830
33926
34088
34448
34982
35030
35064
35179
35390
35630
35648
35760
35794
35816
36035
36128
36372
36392
36518
36538
36540
36560
36650
36713
36876
36896
36960
36992
37118
37218
37428
37601
37666
37762
38024
38054
38100
38200
38369
38428
38539
38690
38720
39012
39344
39536
39710
39763
39848
40142
40232
40238
40250
40330
40472
40714
40886
41020
41096
41122
41334
41472
41820
41912
41962
42056
42137
42144
42180
42200
42207
42344
42366
42394
42566
42584
42704
42732
42848
42916
42944
43008
43044
43136
43212
43352
43459
43476
43648
43688
43928
43944
44218
44232
44478
44683
44720
44984
45200
45440
45612
45656
45866
45896
46114
46120
46136
46186
46256
46354
46380
46574
46592
46684
46784
46788
46795
46848
47006
47170
47192
47299
47364
47390
47434
47672
47676
47681
47888
48250
48451
48576
48582
48636
48680
48713
48920
48996
49051
49066
49088
49260
49555
49603
49718
49760
49838
49978
50004
50016
50054
50264
50626
50936
50988
51065
51082
51146
51200
51206
51274
51440
51560
51696
51824
51826
52084
52090
52106
52422
52592
52644
52690
52860
53266
53288
53314
53454
53748
53870
54008
54128
54296
54584
54634
54660
54744
54896
54914
54946
55121
55123
55256
55267
55310
55668
55738
55760
55858
55884
56360
56465
56508
56624
56646
56816
56884
56938
56966
57128
57158
57314
57336
57468
57560
57691
57776
57846
57966
57992
58116
58380
58644
58704
58714
58742
58814
58856
58952
59028
59120
59246
59376
59454
59672
59707
59744
60056
60104
60296
60420
60469
60496
60562
60680
60818
60848
60850
60878
61138
61530
61555
61614
61769
61956
62072
62168
62262
62530
62624
62650
62822
62912
63032
63394
63418
63608
63890
63922
63930
64056
64136
64234
64282
64296
64380
64448
64568
64712
64810
64836
64928
64944
65083
65096
65724
65746
65892
65936
66060
66200
66368
66536
66872
66898
66902
66905
66969
66977
67123
67304
67598
67620
67622
67688
67699
67784
67788
67880
67952
68072
68146
68150
68155
68220
68268
68336
68452
68531
68556
68676
68768
68890
68897
68976
69043
69114
69322
69492
69593
69824
69842
69890
69994
70018
70066
70114
70208
70306
70466
70488
70520
70694
70736
71052
71072
71090
71201
71220
71532
71720
71760
71864
72080
72368
72540
72750
72796
73328
73334
73382
73424
73592
73596
73732
73832
73898
74048
74126
74314
74360
74386
74558
74604
74626
74928
74936
74966
75206
75300
75394
75584
75787
76016
76066
76190
76265
76376
76596
76666
76762
76784
77000
77227
77306
77347
77528
77862
77868
77995
78144
78378
78488
78614
78656
78768
78800
79112
79136
79188
79382
79592
79728
79790
79952
80083
80242
80264
80438
80458
80482
80530
80786
80840
80844
80960
81146
81233
81392
81610
81806
82130
82166
82385
82592
82642
82778
82906
82908
82928
83030
83088
83142
83264
83384
83434
83458
83611
83808
83866
83956
84086
84110
84258
84344
84848
84920
85226
85289
85592
85670
85784
85819
85852
85872
85922
86020
86376
86628
86654
86696
86792
86796
86962
86966
86980
86988
87129
87224
87396
87470
87590
87608
87638
87665
87806
87896
87994
88176
88356
88400
88446
88522
88546
88570
88889
88978
89072
89216
89288
89456
89528
89628
89664
89681
90134
90174
90180
90228
90254
90272
90432
90446
90540
90728
90854
90858
90914
91042
91070
91286
91356
91363
91402
91592
91642
91714
91736
91786
91982
92028
92074
92122
92297
92336
92412
92668
92702
92738
92750
92937
93008
93057
93072
93098
93106
93128
93180
93226
93536
93552
93636
93704
93730
93778
94020
94040
94070
94176
94208
94232
94406
94592
94640
94808
94862
94904
95098
95352
95364
95552
95676
95707
95722
95777
96017
96080
96082
96436
96494
96754
96979
97226
97334
97382
97472
97616
97675
97688
97860
97950
98040
98170
98290
98294
98299
98480
98482
98602
98890
98894
98912
99024
99080
99082
99110
99170
99178
99259
99396
99401
99562
99584
99744
99848
99854
99875
100304
100356
100358
100496
100568
100808
101057
101288
101354
101390
101438
101443
101474
101576
101846
101864
102110
102176
102250
102434
102586
102634
102704
102852
102854
102878
102926
103352
103382
103496
103572
103640
103716
103882
104006
104026
104216
104336
104461
104514
104628
104840
105028
105062
105067
105230
105272
105344
105656
105672
105824
106088
106188
106352
106520
106592
106752
106771
106780
106808
107026
107240
107336
107360
107458
107598
107865
107984
108152
108161
108244
108320
108401
108470
108608
108680
108780
109250
109304
109320
109400
109411
109472
109476
109568
109577
109736
109810
109904
109913
109976
110120
110294
110312
110394
110456
110520
110628
110672
110731
110894
110936
111104
111176
111488
111576
111758
111800
111824
111852
111878
112044
112128
112160
112424
112500
112622
112640
112642
112808
113090
113144
113290
113510
113600
113712
113790
113888
114108
114296
114420
114492
114497
114632
114684
114804
115014
115022
115070
115208
115332
115406
115670
115718
115760
115778
116048
116100
116266
116342
116390
116504
116678
116696
116726
116908
117161
117394
117422
117512
117556
117569
117588
117602
117706
117728
117760
117794
117896
118313
118468
118568
118760
118884
118952
119174
119570
119868
120024
120078
120264
120272
120444
120542
120588
121051
121184
121490
121521
121568
121812
121858
122026
122136
122192
122246
122504
122556
122582
122803
123056
123104
123394
123414
123518
123536
123593
123610
123680
123922
123944
124088
124160
124202
124472
124524
124568
124704
125026
125148
125433
125694
125746
125794
125842
125868
125966
125984
125993
126114
126230
126296
126346
126408
126512
126542
126656
126667
126787
126824
126992
127051
127088
127241
127376
127544
127618
127627
127710
127926
127928
127970
128114
128240
128489
128568
128578
128602
128960
129368
129536
129562
129768
129800
130040
130082
130208
130354
130402
130428
130514
130594
130764
130819
130896
130928
131006
131026
131052
131124
131192
131200
131242
131346
131504
131510
131585
131816
131990
132062
132194
132198
132278
132344
132488
132608
132657
132704
132866
132924
132954
133160
133210
133280
133289
133378
133450
133626
133718
133824
134072
134290
134504
134587
134816
134986
135014
135017
135056
135368
135394
135606
135628
135636
135656
135800
135960
136040
136304
136740
136786
136910
136928
136958
137026
137168
137292
137308
137480
137672
137744
137746
137794
137912
138152
138204
138272
138432
138704
138776
138802
138804
138826
138944
139184
139224
139230
139256
139267
139383
139402
139568
139614
139642
139826
139880
139906
140142
140268
140360
140510
140574
140648
140702
140744
140750
140768
141222
141329
141624
141728
142038
142186
142208
142266
142456
142498
142670
142742
143000
143004
143081
143258
143312
143552
143764
144200
144564
144680
144708
145350
145488
145544
145664
145760
145889
145928
145956
146196
146323
146432
146482
146504
146626
146744
146822
146930
147000
147354
147470
147634
147656
147712
147802
147804
147826
148232
148382
148568
148736
148834
149028
149192
149290
149352
149382
149384
149482
149568
149750
149840
149842
150008
150206
150244
150276
150350
150392
150492
150634
150682
150754
150848
151186
151258
151424
151496
151718
151839
152336
152532
152552
152652
152729
152748
152777
152794
152904
152912
153246
153300
153302
153522
153710
153746
153882
153921
153992
153996
154234
154280
154334
154400
154428
154472
154550
154728
154788
154860
154867
154952
154958
155024
155174
155242
155442
155792
155916
155938
155984
155995
156032
156200
156224
156302
156552
156560
156566
156858
157062
157232
157404
157490
157635
157664
157668
157675
157832
157860
158354
158366
158400
158408
158460
158578
158760
158772
159090
159104
159200
159422
159656
159780
159874
159948
160132
160170
160185
160260
160298
160459
160616
160760
160858
160968
161026
161074
161168
161316
161462
161480
161510
162056
162113
162224
162350
162390
162394
162440
162566
162584
162588
162615
162732
162734
162809
163114
163128
163136
163520
163716
163913
163952
164009
164120
164312
164554
164580
164698
164746
164766
164768
164958
164988
165008
165200
165420
165440
165730
165778
165824
165902
165926
165944
165974
166010
166112
166272
166334
166428
166472
166536
166618
166642
166690
166784
166880
166948
166976
167090
167100
167120
167129
167347
167576
167587
167792
167960
168024
168032
168224
168240
168344
168538
168547
168564
168582
168776
168808
168992
169072
169092
169112
169280
169472
169474
169524
169646
170105
170360
170482
170530
170600
170744
170774
171032
171072
171084
171110
171204
171296
171378
171466
171600
171632
171662
171804
171830
171833
172070
172094
172276
172308
172424
172568
172656
172716
172841
172968
173000
173198
173250
173384
173410
173772
173788
173795
173888
174080
174156
174324
174558
174946
174990
175226
175260
175378
175400
175644
175760
175904
176024
176028
176094
176146
176270
176328
176342
176384
176504
176726
176730
176760
176840
176892
176932
177056
177146
177153
177224
177410
177440
177632
177816
177824
177882
177954
178094
178218
178328
178376
178378
178472
178738
178928
179048
179290
179294
179462
179510
179622
179624
179700
179888
180344
180350
180776
180778
180914
180990
180996
181064
181208
181400
181456
181651
181688
181795
181808
181824
182000
182022
182312
182480
182648
182724
182760
182816
183012
183032
183120
183128
183326
183374
183728
183730
184040
184064
184256
184788
184810
184819
184930
185042
185218
185297
185592
185624
185633
185720
186012
186080
186307
186320
186350
186372
186609
186656
186730
186756
186810
186950
187064
187092
187232
187234
187358
187424
187496
187512
187784
188004
188120
188126
188218
188556
188594
188668
188672
188840
188868
188984
189096
189176
189248
189324
189416
189586
189608
189682
189704
190040
190256
190284
190522
190616
190690
190714
190872
190880
190891
191006
191102
191174
191240
191634
191724
191728
191746
191814
191899
191914
191916
191962
192098
192134
192156
192178
192276
192368
192384
192418
192440
192608
192614
192778
192802
192874
192900
193040
193084
193354
193361
193440
193736
194026
194144
194150
194712
194720
194984
195056
195206
195368
195464
195488
195754
196084
196092
196256
196424
196564
196882
197042
197048
197179
197362
197384
197714
197798
197936
197960
197993
198012
198113
198139
198224
198320
198545
198794
198800
198894
198960
199016
199020
199022
199046
199048
199136
199217
199328
199450
199474
199494
199616
199658
199910
199928
199938
200054
200184
200410
200624
200912
201080
201098
201322
201528
201638
201752
201811
201872
201972
202164
202328
202356
202400
202448
202483
202512
202548
202594
202766
202808
203026
203227
203322
203465
203554
203724
203912
203984
204176
204230
204298
204346
204440
204560
204704
204920
205328
205370
205531
205568
205884
205906
206194
206242
206515
206678
206696
206840
206864
207008
207082
207096
207254
207274
207451
207728
208040
208080
208188
208490
208520
208598
208714
208784
208786
208858
208882
208930
209406
209528
209696
209702
209912
209954
210130
210148
210272
210274
210338
210392
210536
210774
210852
210970
210978
211044
211098
211376
211490
211546
211742
211832
211858
211939
212102
212142
212144
212390
212598
212720
212842
212986
213158
213296
213302
213348
213440
213588
213691
213774
213800
213811
213992
214236
214256
214472
214616
214675
214730
214954
215032
215074
215184
215198
215312
215432
215484
215500
215648
215681
215770
216014
216032
216072
216100
216176
216296
216566
216586
216608
216754
216878
217073
217136
217234
217304
217526
217708
217958
218192
218226
218336
218426
218578
218600
218626
218794
218870
219008
219086
219248
219274
219680
219702
219776
219944
219992
220241
220377
220448
220526
220574
220593
220738
220979
221011
221096
221148
221150
221552
221706
221822
222154
222176
222250
222272
222416
222528
223018
223136
223138
223426
223450
223498
223520
223690
223694
223760
223786
223952
224201
224336
224342
224408
224480
224512
224544
224600
224796
224816
224918
224960
224988
225008
225106
225128
225178
225257
225322
225416
225606
225608
225612
225656
225752
225780
225907
225944
225990
226086
226119
226160
226162
226169
226210
226286
226424
226432
226646
226852
226860
226862
226904
227264
227280
227336
227386
227408
227576
227616
227738
227801
227816
227866
227928
227984
228032
228128
228272
228440
228532
228612
228643
228656
228658
228920
228992
229162
229232
229407
229496
229526
229568
229627
229760
229810
229884
229976
229984
230144
230240
230312
230456
230580
230624
230912
230978
231038
231080
231368
231560
231582
231686
231748
231752
231770
232086
232118
232154
232254
232262
232560
232574
232592
232706
232832
232948
233144
233456
233467
233550
233648
233772
234000
234180
234211
234276
234416
234584
234704
234898
235304
235374
235424
235808
235860
235896
236216
236504
236508
236888
236940
237296
237368
237432
237488
237566
237590
237610
237734
237776
237850
237970
238216
238284
238348
238376
238428
238474
238616
238625
238812
238814
239222
239244
239264
239506
239532
239960
240132
240298
240392
240422
240480
240512
240728
240763
240866
240936
241108
241162
241208
241291
241346
241392
241400
241406
241430
241500
241568
241712
241723
241952
242020
242120
242194
242264
242280
242360
242384
242552
242738
242772
243074
243128
243422
243488
243650
243704
243734
243938
243945
244080
244302
244352
244564
244598
244688
244976
245024
245216
245408
245657
245779
245794
245864
245870
245945
246062
246202
246368
246410
246449
246560
246710
246810
246944
246950
247112
247243
247280
247454
247496
247666
247976
248144
248196
248336
248432
248604
248681
248720
248888
248952
249139
249276
249368
249608
249612
249648
249656
249832
249920
250176
250184
250472
250592
250714
250716
250784
250982
251076
251168
251172
251198
251246
251340
251456
251504
251582
251700
251849
251993
252008
252200
252366
252394
252540
252600
252920
253280
253286
253334
253424
253452
253504
253812
253896
253900
253978
254024
254145
254196
254212
254240
254266
254360
254648
254696
254840
255036
255282
255322
255344
255492
255541
255704
255806
256180
256182
256219
256260
256280
256380
256448
256500
256568
256656
256860
256928
257100
257216
257360
257376
257548
257600
257626
257960
258182
258346
258354
258521
258606
258638
258656
258754
258979
259286
259478
259570
259682
259790
259800
260002
260168
260172
260216
260251
260432
260436
260696
260864
260962
260991
261254
261418
261588
261715
261752
261787
261922
262162
262256
262300
262387
262401
262778
263004
263074
263096
263432
263556
263570
263672
263816
263882
263927
264086
264466
264778
264990
264992
265086
265088
265232
265326
265392
265424
265457
265586
265603
265616
265952
266308
266362
266480
266513
266628
266672
266702
266794
266864
266971
267250
267302
267542
267673
268012
268184
268280
268356
268378
268568
268692
268771
268904
269016
269100
269262
269268
269432
269448
269456
269550
269742
269770
269988
270042
270114
270250
270296
270416
270427
270662
270746
270752
270758
270761
270800
270924
271112
271132
271212
271400
271544
271552
271622
271644
271808
271830
271948
271956
272000
272011
272048
272122
272138
272146
272264
272436
272456
272628
272632
272696
272770
272842
272866
272910
273182
273232
273248
273519
273704
273713
273848
273854
273856
273898
274065
274376
274392
274504
274622
274670
274680
274712
274884
274978
275366
275508
275768
275777
275966
276030
276038
276224
276372
276392
276494
276518
276584
276656
276780
277190
277256
277472
277545
277790
277955
278242
278264
278424
278482
278504
278506
278528
278888
278966
279100
279130
279257
279342
279480
279702
279730
279752
279828
279844
279872
280020
280088
280112
280118
280166
280210
280570
280632
280800
280915
280920
280930
280952
281104
281122
281194
281216
281472
281480
281522
281576
281658
281679
281720
281762
281812
281816
281990
282080
282227
282326
282442
282612
282737
283040
283106
283426
283500
283544
283642
283666
283736
283904
283928
284146
284288
284436
284676
284744
285056
285298
285366
285392
285706
285730
285776
285918
286147
286162
286248
286548
286760
286978
287172
287336
287408
287606
287624
287648
287683
287812
287840
287880
288034
288086
288158
288290
288298
288344
288396
288542
288641
288654
288696
288848
289064
289140
289232
289241
289315
289512
289712
289760
289930
289952
290131
290192
290208
290244
290391
290456
290534
290570
290772
290798
290912
291248
291488
291554
291758
291778
291792
291848
291896
291946
291950
292064
292070
292152
292308
292380
292568
292736
292768
292904
292924
293030
293052
293194
293480
293482
293635
293648
293918
293934
293938
294034
294128
294224
294276
294344
294632
294728
295236
295360
295396
295428
295454
295562
295568
295598
295620
295646
295904
295976
296100
296244
296604
296624
296626
296770
296890
296916
297032
297134
297462
297562
297656
297752
298104
298164
298186
298214
298520
298536
298544
298620
298646
298880
299270
299288
299576
299722
299744
299846
299916
300084
300281
300372
300416
300612
300720
300876
300898
300994
301376
301498
301522
301570
301592
301618
301642
301810
301850
301908
301952
302042
302058
302088
302090
302166
302306
302491
302506
302528
302988
303158
303200
303257
303348
303514
303536
303588
303704
303732
303784
303876
303944
303974
304001
304112
304376
304544
304762
305216
305310
305384
305424
305539
305578
305600
305626
305790
305840
305923
305940
306063
306296
306420
306542
306608
306754
306780
306992
307001
307008
307184
307496
307745
307788
308052
308222
308312
308458
308480
308526
308570
308864
309137
309180
309200
309272
309274
309440
309504
309560
309608
309728
309778
309848
310016
310022
310152
310424
310524
310546
310737
310862
310904
311168
311384
311504
311552
311609
311964
312056
312372
312427
312488
312648
312680
312826
313106
313112
313140
313284
313435
313448
313470
313522
313712
313764
313792
313860
313963
313982
314504
314696
314700
314892
314960
315248
315632
315752
315774
315852
315992
316068
316075
316256
316258
316262
316272
316448
316470
316527
316880
316906
316908
316944
317052
317136
317275
317352
317360
317364
317628
317760
317816
317988
318104
318113
318324
318464
318595
318600
318700
318715
318824
318854
318881
319042
319051
319328
319429
319520
319526
319664
319728
319812
319832
319910
320024
320268
320410
320424
320428
320436
320480
320618
320768
320772
320834
320898
320984
321202
321209
321296
321326
321576
321660
321750
321770
321994
322136
322143
322314
322418
322424
322454
322520
322560
322600
322688
322908
323094
323096
323190
323264
323406
323412
323508
323598
323744
323770
323936
324228
324442
324632
324874
324896
324902
325328
325496
325524
325640
325889
326028
326098
326124
326362
326441
326484
326498
326696
326814
327080
327152
327634
327730
327752
327970
327994
327996
328060
328284
328304
328328
328448
328546
328692
328747
329072
329124
329244
329356
329480
329648
329744
329748
329770
329940
329990
330032
330056
330130
330209
330326
330346
330769
330809
330890
331160
331176
331206
331296
331304
331356
331440
331472
331548
331622
331632
331646
331688
331800
331904
331992
332074
332078
332102
332232
332264
332323
332400
332408
332432
332592
332600
332760
332892
332928
332936
332976
333104
333144
333266
333312
333394
333456
333518
333536
333566
333624
333816
333848
333854
333859
333864
334040
334092
334276
334304
334598
334616
334644
334675
335002
335009
335028
335264
335408
335412
335602
335610
335768
335814
335822
336104
336139
336178
336306
336440
336571
336586
337064
337184
337400
337546
337616
337716
337808
337814
337954
338152
338192
338312
338402
338460
338528
338609
338648
338746
338844
338870
338912
339056
339060
339250
339298
339371
339392
339442
339704
339778
339883
340286
340382
340498
340499
340502
340522
340594
340738
340834
340950
341021
341030
341048
341078
341146
341216
341430
341434
341438
341604
341722
341744
341801
342014
342206
342438
342442
342586
342612
343166
343188
343450
343666
344172
344506
344940
345010
345038
345134
345162
345211
345259
345274
345499
345808
345953
346018
346120
346236
346288
346378
346528
346720
347050
347224
347416
347656
347848
348086
348329
348468
348491
348497
348516
349547
349907
350603
350748
351035
351131
351373
