10964
153
177
200
344
369
560
681
698
993
1311
1383
1448
2169
2184
2192
2456
2624
2673
2745
2768
2793
2889
2984
3000
3432
3440
3752
3999
4017
4023
4095
4096
4280
4305
4312
4352
4497
4521
4664
4680
4713
4737
4977
5216
5313
5488
5592
5659
5674
5776
5808
5872
5894
6154
6278
6328
6520
6640
6656
6686
6926
7000
7016
7160
7168
7328
7712
7742
7768
7856
7934
7960
8024
8083
8136
8247
8288
8320
8362
8584
8600
8776
8888
8944
9312
9374
9416
9560
9656
9761
9872
9952
10144
10282
10406
10714
10832
10952
11192
11491
11720
11928
11947
12056
12096
12224
12257
12464
12490
12586
12593
12992
13160
13376
13450
13520
13906
14096
14360
14419
14534
14630
14722
14816
14960
15000
15008
15082
15104
15200
15296
15329
15449
15512
15656
15658
15713
15785
15922
15954
15970
16112
16226
16258
16454
16570
16602
16618
16699
16710
16747
16814
16928
16954
16958
17024
17066
17074
17098
17162
17210
17412
17434
17441
17528
17648
17722
17866
17888
17914
17938
18066
18084
18161
18276
18586
18658
18662
18878
18946
18994
19018
19136
19182
19232
19402
19472
19570
19656
19666
19714
19736
19810
20006
20024
20033
20042
20050
20184
20216
20384
20570
20898
20918
21008
21050
21104
21137
21186
21225
21276
21326
21540
21608
21768
21776
21876
21960
21992
22208
22248
22254
22328
22356
22620
22790
22880
22884
23028
23096
23366
23408
23434
23458
23484
23544
23696
23868
23936
24083
24211
24228
24288
24396
24416
24608
24732
24876
24929
25190
25214
25308
25400
25568
25595
25765
25928
25956
26144
26220
26360
26432
26460
26600
26748
26888
26897
27008
27086
27152
27156
27202
27224
27432
27449
27464
27608
27619
27776
27926
28020
28232
28308
28392
28400
28716
28760
28867
28884
29018
29028
29192
29246
29462
29528
29624
29678
29726
29864
29893
30032
30128
30254
30344
30540
30800
30804
30914
30972
31356
31900
32006
32048
32083
32116
32118
32168
32198
32288
32380
32620
32672
32816
32836
32892
32960
32988
33004
33032
33038
33064
33176
33316
33436
33488
33516
33568
33580
33612
33748
33752
33850
33916
34090
34108
34112
34280
34300
34468
34496
34544
34636
34664
34828
35035
35044
35100
35212
35288
35380
35408
35436
35548
35594
35598
35654
35692
35744
35960
36004
36080
36244
36396
36422
36442
36460
36660
36686
36698
36724
36843
36848
36920
36926
36950
36988
37193
37208
37352
37404
37560
37718
37740
38336
38340
38408
38635
38648
38744
38774
38790
38964
38995
39030
39106
39296
39680
39684
39750
39874
39900
40112
40147
40280
40554
40596
40884
41096
41192
41480
41587
41624
41916
42012
42032
42038
42080
42298
42322
42802
42944
43042
43476
43712
43760
43843
43928
44024
44166
44393
44412
44482
44534
44626
44648
44914
44976
44984
45224
45422
45708
45728
45894
45968
45996
46214
46452
46454
46664
46874
46886
47059
47168
47174
47222
47384
47424
47812
47840
47846
47886
47897
47936
48065
48104
48348
48355
48392
48445
48588
48592
48824
48968
49256
49496
49666
49688
49790
49932
49974
50000
50096
50148
50312
50316
50384
50390
50508
50606
50624
50654
50816
50820
50894
50899
50912
50914
50936
51067
51104
51204
51264
51272
51536
51713
51754
51920
52184
52548
52616
52640
52668
52882
52904
52908
52974
53120
53172
53323
53360
53480
53860
53870
53894
54024
54098
54320
54464
54486
54494
54608
54828
54832
54848
55012
55066
55190
55208
55219
55304
55420
55536
55674
55714
55784
55858
55880
55956
56096
56142
56168
56408
56604
56659
56696
56840
56842
56844
56846
56866
56875
56916
57060
57128
57172
57264
57296
57643
57685
57798
57835
57900
57968
58042
58152
58178
58193
58208
58232
58424
58490
58778
58819
58856
58976
59112
59120
59384
59393
59720
59796
59930
60014
60038
60272
60322
60464
60608
60696
60804
60830
60878
61020
61051
61092
61382
61616
61664
61842
61930
62026
62194
62432
62460
62552
62574
62587
62696
62779
62886
63009
63038
63056
63156
63274
63282
63396
63398
63470
63536
63618
63715
63776
63804
64112
64118
64306
64426
64430
64550
64632
64671
64880
65000
65192
65456
65552
65602
65672
65816
65936
66010
66056
66081
66248
66440
66504
66588
66998
67016
67258
67520
67592
67673
67688
67760
67828
67985
68312
68334
68484
68576
69032
69086
69106
69250
69272
69564
69656
69872
69874
69972
70066
70304
70522
70542
70570
70592
70766
70958
71024
71172
71216
71292
71578
71748
71864
71912
71928
72082
72130
72172
72312
72320
72322
72346
72566
72571
72610
72632
72658
72706
72826
72920
72992
73112
73210
73322
73380
73505
73592
73598
73660
73664
73692
73854
73944
73976
74168
74336
74384
74412
74434
74504
74515
74744
75041
75180
75348
75374
75377
75510
75584
75600
75782
75953
76140
76160
76422
76496
76596
76694
76952
77244
77264
77299
77408
77436
77448
77456
77646
77672
77692
77724
77912
78272
78420
78442
78490
78824
78828
78929
78946
78968
78994
79272
79426
79524
79648
79664
79834
79904
79948
80198
80306
80360
80386
80510
80539
80702
80750
80777
80934
80960
80964
80988
81154
81176
81222
81248
81346
81368
81420
81504
81536
81756
81768
81800
81896
81900
81970
82098
82640
82747
83011
83024
83188
83264
83282
83286
83342
83369
83696
83792
84104
84230
84368
84403
84558
84566
84584
84643
84656
84660
84698
84776
84968
85014
85184
85332
85374
85378
85448
85472
85481
85500
85880
86048
86336
86578
86648
86844
86912
87056
87128
87178
87200
87216
87226
87370
87488
87608
87828
88016
88092
88112
88214
88464
88520
88706
88852
88976
89048
89057
89144
89212
89220
89275
89384
89410
89552
89648
90278
90418
90420
90447
90462
90488
90554
90569
90608
90704
90868
90872
90912
91040
91048
91234
91256
91498
91502
91592
91596
91668
91754
91766
91784
91952
91956
92168
92218
92297
92432
92504
92635
92672
92772
92827
92832
92840
92988
93036
93248
93632
93658
93682
93706
93818
93872
93898
94044
94088
94238
94328
94424
94616
94976
94978
95218
95288
95528
95696
95969
95990
96002
96056
96139
96680
97210
97376
97433
97520
97603
97664
97904
97970
98164
98192
98356
98358
98360
98366
98388
98552
98726
98923
99032
99062
99128
99224
99379
99434
99608
99680
99715
99830
99926
99944
99948
100016
100017
100056
100328
100354
100433
100620
100740
100802
100832
100864
100952
101028
101280
101288
101360
101528
101816
101834
102176
102209
102252
102344
102353
102512
102612
102744
102752
103208
103211
103304
103398
103476
103553
103570
103734
103852
103856
103884
104081
104138
104168
104480
104522
104554
104576
104792
104912
105032
105152
105248
105252
105290
105516
105518
105680
105858
106046
106160
106224
106363
106712
106752
106810
106836
106908
107002
107054
107126
107168
107169
107388
107506
107528
107628
107772
107814
107984
108074
108128
108168
108244
108320
108440
108492
108696
108872
108948
108994
109016
109112
109258
109286
109376
109520
109546
109680
109832
109992
110026
110050
110168
110338
110362
110384
110480
110496
110792
110963
111122
111224
111257
111300
111464
111680
111802
111944
111968
112142
112178
112298
112400
112476
112640
112644
112690
112742
112808
113114
113264
113308
113432
113840
113912
113964
114306
114392
114422
114686
114896
115088
115138
115258
115280
115282
115424
115568
115610
115736
115756
115958
116102
116124
116208
116240
116314
116504
116810
117320
117384
117516
117606
117686
117848
117878
118002
118118
118326
118356
118406
118409
118430
118476
118502
118832
118904
118910
119024
119216
119218
119242
119249
119256
119314
119384
119528
119606
119648
119724
119792
119942
119984
120012
120084
120152
120200
120474
120490
120512
120756
120992
121058
121116
121256
121424
121467
121642
121826
121854
121962
122124
122142
122338
122354
122462
122696
122912
123008
123185
123204
123344
123680
123804
123848
124016
124184
124328
124339
124496
124736
124742
124904
125107
125122
125216
125290
125340
125384
125678
125792
126041
126050
126224
126442
126612
126619
126704
126739
126968
127212
127432
127649
127688
127728
127856
128048
128059
128076
128122
128216
128246
128316
128318
128426
128432
128820
128990
129200
129264
129392
129584
129680
129806
130016
130073
130090
130160
130274
130296
130326
130346
130448
130520
130668
130675
130760
130928
130944
131096
131227
131316
131406
131432
131489
131532
131600
131936
132008
132060
132204
132442
132446
132464
132466
132470
132536
132920
133118
133136
133147
133354
133376
133378
133568
133738
133760
133806
133922
133976
134046
134050
134074
134186
134240
134336
134412
134504
134720
134724
134820
134960
134986
135168
135178
135248
135368
135396
135562
135656
135686
135840
135852
135872
136020
136188
136304
136400
136520
136608
136723
136832
137048
137192
137203
137312
137316
137338
137600
137670
137720
137752
137792
137938
138010
138014
138108
138184
138268
138272
138277
138298
138390
138720
138728
138806
139090
139152
139370
139426
139550
139642
139649
139668
139760
140120
140312
140648
140856
140899
141048
141056
141080
141082
141344
141440
141492
141680
141704
141866
141872
142136
142302
142306
142313
142328
142442
142568
142684
142760
142812
142891
142904
142906
143000
143030
143144
143201
143336
143378
143504
143592
143942
143960
144320
144398
144584
144715
144752
144848
144992
145158
145210
145234
145304
145452
145457
145472
145688
145880
146122
146288
146450
146508
147008
147392
147536
147936
147944
148064
148136
148304
148424
148554
148662
148675
148690
148712
148760
148928
148954
149192
149448
149532
149674
149940
149960
150104
150154
150324
150492
150584
150708
150835
150872
150996
151051
151128
151402
151446
151544
151627
151832
151928
152002
152072
152178
152256
152268
152312
152546
152587
152768
152770
152840
152866
152930
152993
153091
153200
153420
153427
153538
153680
153728
153826
153944
154160
154236
154448
154699
154910
154928
155016
155024
155030
155035
155408
155506
155515
155616
155678
155744
155746
156078
156108
156148
156278
156296
156444
156488
156600
156758
157121
157328
157376
157404
157411
157540
157568
157598
157642
157745
157860
158144
158280
158312
158318
158438
158482
158624
158652
158664
158678
158720
158912
158952
159416
159536
159547
159680
159883
160025
160094
160145
160184
160278
160330
160380
160514
160548
160640
160760
160808
160954
160976
161028
161144
161208
161336
161426
161600
161676
161938
161958
162082
162226
162444
162611
162638
162752
162768
162920
163570
163614
163908
164030
164162
164216
164258
164433
164696
164726
165017
165026
165108
165470
165626
165800
166058
166400
166526
166634
166646
166688
166696
167000
167057
167290
167414
167504
167792
167844
167864
167884
168176
168226
168296
168542
168590
168662
168752
168848
169158
169328
169424
169618
169832
169838
169928
169930
170072
170144
170292
170576
170792
170892
171008
171082
171088
171108
171204
171396
171490
171614
171728
171732
171778
171848
172086
172090
172308
172448
172457
172500
172529
172622
172738
172747
172766
172862
172976
173128
173160
173168
173576
173654
173696
173728
173834
173864
173918
174032
174062
174264
174296
174344
174540
174830
175073
175156
175184
175524
175612
175616
175928
175952
175972
176054
176218
176408
176600
176650
176698
176864
176988
177091
177490
177528
177560
177632
177704
177754
178136
178250
178284
178424
178452
178620
178716
178904
178948
178956
178970
179126
179201
179384
179424
179460
179600
179656
179750
179918
180115
180302
180470
180488
180595
180680
180728
180746
180974
180976
181008
181086
181200
181352
181378
181402
181476
181664
181714
181856
181867
181888
181902
181906
182096
182174
182268
182312
182472
182582
182624
182746
182774
182868
183080
183296
183422
183482
183540
183545
184392
184398
184402
184448
184498
184808
184884
184976
185096
185124
185126
185168
185292
185432
185561
185720
185753
185762
185912
185990
186058
186080
186322
186440
186444
186488
186608
186638
186730
186883
186896
187110
187350
187400
187812
187954
188174
188216
188410
188606
188674
188796
188866
188914
189137
189206
189331
189710
189778
189848
189898
190147
190264
190352
190435
190474
190560
190568
190636
190712
190838
190880
190884
191079
191092
191094
191144
191480
191491
191676
191724
191750
191864
192062
192080
192248
192608
192686
192806
192826
193040
193212
193306
193328
193430
193526
193738
193752
193880
194006
194100
194145
194264
194458
194582
194624
194820
194838
194864
195300
195326
195384
195440
195730
195824
195900
195929
195992
196032
196454
196544
196644
196786
196790
197024
197076
197216
197268
197312
197400
197504
197532
197578
197810
197840
197856
198008
198038
198138
198480
198632
198678
198840
199090
199280
199452
199457
199550
199736
199769
199786
199930
200242
200294
200328
200336
200563
200683
200792
200810
201248
201272
201290
201386
201522
201608
201658
201874
202064
202236
202452
202651
202664
202736
202814
202832
203006
203102
203314
203352
203486
203504
203585
203707
203746
203772
203870
203874
204180
204254
204272
204398
204403
204420
204440
204850
205010
205084
205138
205160
205262
205428
205568
205682
205736
205830
206006
206048
206124
206362
206384
206484
206536
206552
206626
206768
206845
206936
206986
207115
207252
207374
207418
207440
207521
207536
207612
207920
207950
208136
208358
208432
208586
208640
208762
208788
208804
208880
208928
209028
209144
209506
209511
209552
209584
209744
209788
209826
209947
210185
210307
210344
210370
210512
210602
210667
210761
210824
210950
210972
211003
211051
211214
211280
211448
211514
211644
211696
211784
211800
211860
211976
212244
212354
212408
212576
212616
212792
212988
213050
213200
213446
213473
213504
213512
213632
213667
213854
213872
214018
214128
214136
214232
214282
214358
214450
214688
214718
214721
214764
214786
214848
214906
215096
215192
215366
215478
215624
215792
215942
215966
215978
216001
216012
216368
216512
216682
216704
216848
217016
217204
217312
217536
217592
217622
217736
217754
218118
218194
218232
218454
218480
218938
218986
219058
219446
219758
219944
220232
220346
220402
220574
220616
220692
220878
220974
221048
221144
221179
221390
221489
221648
222032
222084
222368
222560
222584
222810
222944
223042
223140
223262
223272
223472
223500
223522
223546
223766
223832
223924
223946
224048
224288
224378
224480
224604
224650
224840
224942
225032
225185
225508
225518
225536
225608
225624
225850
225868
225876
226190
226236
226256
226322
226956
226976
227081
227203
227288
227314
227362
227432
227436
227554
227746
227816
227938
228154
228211
228222
228374
228470
228499
228564
228778
228896
229022
229064
229232
229310
229450
229576
229612
229640
229664
229952
230050
230072
230092
230129
230146
230240
230270
230462
230576
230840
230980
230984
231014
231056
231206
231446
231499
231704
231722
231726
231770
231778
231907
232094
232136
232145
232160
232280
232738
232747
232812
233192
233266
233346
233720
233938
234032
234060
234062
234224
234255
234350
234354
234656
234706
234802
234878
234896
234903
234944
234946
234994
235116
235152
235160
235208
235328
235334
235496
235640
235675
235906
236030
236129
236312
236323
236480
236482
236604
236768
236820
236960
236990
237104
237226
237240
237248
237350
237464
237632
237656
237778
237800
237946
237968
237990
238116
238166
238186
238232
238448
238522
238531
238776
238852
238908
238955
238979
239074
239244
239273
239360
239384
239393
239496
239576
239688
239840
239866
239942
240080
240100
240134
240296
240368
240497
240560
240848
240926
240994
241016
241022
241043
241051
241136
241406
241424
241524
241568
241697
241704
241808
241838
241932
242000
242078
242168
242177
242264
242342
242432
242768
242940
242960
243104
243320
243468
243542
243634
243656
243728
243758
243824
244068
244094
244136
244400
244426
244598
244616
244646
244712
245048
245094
245100
245130
245250
245480
245600
245672
245678
245816
245912
245971
245984
246008
246152
246248
246368
246388
246444
246488
246540
246754
246914
247062
247114
247160
247188
247298
247352
247520
247616
247795
247874
247882
247904
248124
248216
248284
248371
248395
248504
248532
248696
248753
248866
248890
249080
249108
249122
249438
249466
249530
249560
249638
249776
249968
250082
250400
250448
250572
250579
250680
250880
250978
251004
251168
251456
251558
251570
251646
251718
251910
251922
252056
252320
252377
252416
252446
252456
252560
252571
252638
252666
252680
252708
252776
253064
253566
253752
253760
254035
254048
254070
254096
254168
254360
254500
254550
254602
254912
254923
255065
255292
255610
255672
255752
255920
256086
256182
256448
256498
256522
256592
256594
256760
256806
256952
257024
257076
257098
257312
257342
257344
257408
257576
257592
257744
257984
258128
258252
258344
258576
258584
258636
258704
258800
258902
258992
259160
259278
259304
259392
259426
259450
259522
259664
259938
260002
260028
260050
260216
260268
260366
260528
260626
261008
261128
261204
261296
261368
261538
261582
262272
262304
262526
262568
262714
263216
263270
263336
263580
263672
263700
263918
263923
263960
264104
264158
264244
264252
264320
264468
264470
264499
264512
264608
264732
265016
265066
265338
265352
265478
265526
265568
265664
265880
265882
265992
266083
266120
266208
266250
266360
266528
266635
266774
266794
267104
267178
267200
267398
267656
267660
268112
268142
268166
268320
268352
268592
268714
268788
268904
268932
269072
269218
269292
269496
269672
269792
269832
269864
269914
269962
270010
270098
270106
270272
270377
270444
270614
270724
270752
270979
271040
271075
271184
271256
271352
271416
271424
271574
271636
271760
272120
272218
272336
272369
272489
272506
272576
272600
273058
273176
273475
273708
273748
273848
274049
274210
274217
274219
274232
274305
274356
274360
274402
274424
274472
274594
274616
274812
274814
274880
275072
275216
275284
275438
275550
275576
275592
275650
275698
275778
275942
275984
276128
276176
276392
276488
276512
276566
276595
276662
276710
276780
276830
276992
276996
277016
277070
277112
277504
277520
277610
277688
277882
278011
278048
278174
278264
278432
278452
278748
278942
279080
279120
279152
279344
279374
279446
279538
279608
279850
280022
280116
280328
280546
280704
280736
280832
281100
281198
281240
281408
281624
281698
281720
282158
282272
282288
282364
282368
282396
282416
282584
282626
282634
282641
282752
282778
282780
282848
282920
282968
283154
283160
283226
283352
283452
283454
283514
283601
283620
283784
283880
283978
284112
284120
284227
284290
284384
284450
284504
284515
284674
284720
284798
284864
284870
285008
285080
285120
285200
285398
285444
285446
285470
285518
285584
286112
286382
286496
286616
286832
287000
287004
287072
287299
287336
287528
287624
287792
287825
287832
287894
288152
288168
288248
288320
288346
288554
288600
288787
288896
289020
289046
289136
289142
289152
289304
289673
289808
289850
290050
290072
290162
290264
290474
290536
290705
290788
290840
290870
290873
290995
291272
291353
291368
291540
291848
291852
291922
291944
292092
292256
292278
292324
292666
293000
293312
293358
293456
293504
293606
293672
293674
293748
293816
293936
294128
294331
294392
294564
294610
294617
294634
294682
294824
294902
294924
295160
295348
295352
295402
295496
295808
295968
295976
296192
296330
296360
296482
296700
296825
296840
297035
297174
297200
297345
297484
297872
297992
298382
298664
298666
298670
298856
298952
299048
299196
299290
299386
299716
299772
299794
300008
300302
300316
300384
300416
300656
300936
301018
301044
301114
301584
301592
301624
301860
302144
302162
302196
302404
302432
302456
302484
302552
302572
302602
302700
302768
302952
302982
303089
303320
303444
303822
303872
304016
304022
304108
304200
304208
304280
304308
304542
304593
304904
305066
305116
305120
305130
305384
305414
305768
305916
305990
306062
306104
306440
306578
306586
306658
306824
307136
307208
307282
307376
307448
307550
307742
307808
308035
308072
308074
308124
308186
308194
308414
308504
308582
308650
308676
308914
309108
309158
309272
309584
309586
309684
309854
309955
310040
310374
310380
310472
310736
310738
310747
310862
310961
311434
311456
311506
311520
311580
311608
311702
311746
311914
312080
312248
312298
312392
312396
312451
312648
312844
312852
313082
313088
313267
313376
313601
313740
313795
313896
313928
313956
314028
314048
314066
314216
314408
314443
314820
315032
315128
315296
315346
315362
315370
315425
315432
315442
315468
315608
315800
315968
316112
316286
316400
316402
316404
316566
316762
316786
316856
316874
317018
317048
317216
317225
317258
317336
317510
317652
317827
317936
318034
318082
318104
318210
318282
318482
318608
318638
318854
318878
319088
319234
319352
319386
319640
319651
319784
319836
319952
320312
320364
320440
320450
320504
320534
320696
320938
321080
321187
321294
321314
321344
321473
321488
321638
321686
321688
321804
321872
321914
322022
322064
322404
322544
322546
322616
322640
322872
322884
322898
322933
323050
323122
323288
323292
323408
323434
323460
323648
323720
323986
324008
324194
324206
324442
324468
324510
324636
324658
324730
324926
324992
325058
325166
325616
325627
325714
325760
325800
325896
325928
326002
326144
326192
326312
326696
326960
327008
327120
327268
327331
327560
327590
327638
327752
328040
328108
328256
328392
328450
328478
328524
328544
328560
328627
328760
328934
328956
328998
329264
329336
329338
329414
329432
329544
329696
329873
330036
330416
330490
330584
330588
330680
330746
330754
330800
330881
330912
330946
330968
331252
331280
331285
331385
331450
331524
331616
331738
331754
331850
331862
332048
332192
332238
332270
332360
332386
332462
332592
332606
332624
332652
332654
332986
333012
333324
333392
333540
333608
333614
333704
333734
333866
333872
333900
333986
334224
334226
334232
334354
334424
334459
334568
334680
334688
334736
334738
334866
334932
334970
335290
335314
335334
335362
335384
335400
335410
335546
335600
335744
335940
335947
335969
336072
336416
336728
336816
336824
336900
336994
337272
337544
337640
337642
337786
337794
337808
338112
338144
338312
338386
338696
338844
339010
339032
339122
339134
339224
339368
339403
339466
339800
340040
340112
340162
340286
340376
340568
340646
340736
340793
340928
341048
341312
341408
341650
341674
341747
342130
342156
342200
342390
342536
342656
343112
343118
343138
343233
343448
343529
343548
343610
343704
343760
343769
343928
344100
344177
344532
344626
344654
344769
345008
345198
345318
345344
345403
345488
345516
345684
345872
345883
346132
346208
346352
346370
346380
346424
346598
346644
346649
346786
346802
346944
347050
347336
347528
347558
347611
347616
347698
347720
347777
348134
348412
348634
348712
348800
348896
348992
349356
349400
349430
349474
349522
349904
350073
350170
350196
350218
350312
350352
350433
350456
350458
350714
350748
350942
351176
351178
351302
351392
351614
351656
351680
351752
351992
352243
352304
352531
352553
352568
352642
352692
352904
352906
352929
352976
353004
353030
353072
353238
353294
353314
353336
353508
353576
353696
353914
354104
354108
354276
354392
354499
354564
354566
354732
354754
354944
354950
355410
355478
355481
355574
355712
356096
356122
356244
356274
356528
356744
357012
357128
357216
357518
357560
357682
358097
358112
358328
358620
358642
358712
359220
359227
359456
359817
359914
360034
360056
360272
360300
360440
360752
360800
360851
360868
360972
361016
361352
361568
361688
361692
361704
361928
361985
362016
362052
362096
362214
362264
362378
362419
362585
362648
362722
362912
362916
362938
363204
363374
363392
363418
363708
363865
364136
364286
364379
364394
364518
364592
364756
364760
364764
364860
365048
365078
365360
365624
365810
365868
365923
366032
366206
366254
366368
366488
366662
366754
366776
366996
367001
367064
367219
367308
367324
367328
367352
367880
368010
368028
368120
368288
368304
368366
368384
368416
368528
368648
368697
369108
369152
369204
369336
369344
369368
369752
369763
369944
369953
370208
370241
370348
370370
370380
370520
370546
370598
370791
370817
370937
371120
371131
371250
371360
371563
371698
372270
372368
372398
372576
372674
372728
372802
372811
372824
372994
373018
373186
373252
373256
373354
373472
373543
373562
373800
373860
373878
373886
374168
374342
374345
374600
374682
374769
374772
374995
375032
375082
375224
375320
375420
375656
375798
375808
375872
375914
375924
376236
376308
376450
376520
376738
376904
377004
377287
377482
377504
377606
377664
377700
377774
377960
378134
378176
378226
378420
378488
378530
378560
378610
378728
378872
378876
378922
379088
379256
379544
379618
379742
379784
379790
379812
379838
379952
380100
380144
380146
380270
380312
380456
380576
380618
380626
381010
381012
381134
381272
381296
381338
381534
381564
381591
381638
381672
381776
382160
382450
382476
382518
382640
382644
382689
382712
382736
383120
383244
383384
383432
383576
383696
383704
383864
384056
384488
384516
384710
384776
384974
385088
385238
385300
385332
385406
385622
385668
385766
385808
385908
386052
386118
386240
386415
386508
386674
386720
386940
387014
387104
387281
387342
387416
387438
387440
387446
387538
387632
387667
387732
387800
387928
388066
388128
388136
388180
388241
388328
388406
388411
388618
388736
388812
388841
388882
388906
389172
389194
389240
389352
389386
389408
389410
389820
389962
390024
390080
390102
390200
390274
390294
390444
390462
390464
390658
390706
390732
390946
391064
391160
391282
391352
391370
391402
391524
391651
391784
391786
391856
391860
391872
391880
391952
392048
392131
392192
392270
392712
392792
392888
393012
393016
393034
393054
393152
393248
393276
393336
393560
393744
393752
394088
394470
394544
394932
395052
395090
395124
395144
395290
395384
395460
395463
395592
395600
395606
395630
395772
395864
395940
396106
396152
396246
396257
396353
396416
396534
396562
396708
396848
396888
396970
396992
397038
397232
397258
397424
397546
397555
397566
397612
397644
397712
398028
398122
398129
398144
398288
398390
398558
398650
398846
398888
398984
399038
399062
399136
399314
399336
399344
399484
399584
399782
399872
400040
400088
400224
400232
400356
400424
400577
400646
400692
400856
400976
401054
401120
401218
401342
401390
401404
401438
401504
401672
401746
401819
401868
402017
402104
402108
402296
402486
402516
402938
403192
403208
403334
403382
403428
403496
403856
403882
403930
404006
404090
404288
404332
404412
404530
404646
404654
404696
404864
404928
404962
405128
405248
405418
405450
405464
405540
405569
405732
405872
406267
406338
406488
406760
406810
407072
407218
407222
407338
407600
407707
407868
407984
408152
408276
408355
408488
408514
408516
408518
408521
408800
408896
409060
409144
409409
409449
409472
409500
409544
409690
409714
409762
410000
410148
410190
410312
410480
410696
410942
411296
411610
411754
411824
411936
411968
412001
412328
412402
412490
412544
412574
412673
412764
412771
412904
412968
413000
413136
413292
413524
413628
413984
414014
414122
414298
414326
414344
414362
414374
414848
414852
415160
415238
415370
415562
415808
415872
416100
416118
416345
416388
416456
416626
416722
417008
417012
417089
417416
417578
417754
418256
418282
418380
418448
418524
418686
418982
419052
419120
419208
419240
419430
419742
419818
419960
420128
420346
420708
420739
420900
421070
421112
421330
421572
421614
421640
421836
421889
422048
422288
422304
422314
422384
422386
422648
422738
422746
422966
423086
423128
423392
423468
423512
423704
423760
423866
424040
424056
424118
424208
424212
424238
424267
424544
424553
424712
424764
424819
424882
424958
425142
425144
425312
425552
425840
425938
426035
426156
426235
426324
426412
426442
426540
426584
426633
426730
426902
426926
426950
427040
427044
427051
427066
427363
427424
427498
427690
427932
427976
428052
428092
428096
428218
428264
428414
428628
428688
428768
428798
429176
429240
429398
429423
429425
429444
429488
429666
429761
429774
429846
430110
430114
430310
430411
430448
430642
430666
430908
430913
431030
431506
432056
432177
432202
432374
432451
432552
432656
432776
432787
432850
432992
433018
433040
433284
433400
433402
433716
433925
434072
434280
434432
434532
434624
434722
434748
434762
434768
435518
435536
435872
435888
435924
435968
436210
436296
436304
436490
436526
436528
436544
436584
436618
436738
436856
436862
437096
437104
437148
437192
437314
437321
437408
437648
437884
437899
438000
438008
438054
438412
438420
438630
438665
438684
438752
438835
438968
439092
439123
439138
439232
439266
439326
439376
439448
439572
439712
439740
440002
440120
440122
440314
440412
440580
440606
440624
440633
440659
440814
440842
440936
441108
441118
441146
441152
441178
441396
441560
441660
441970
441992
442064
442094
442232
442398
442452
442568
442786
442876
442976
443102
443288
443434
443436
443476
443648
443851
443940
444048
444104
444134
444204
444242
444336
444440
444444
444608
444864
444896
445060
445140
445320
445457
445472
445545
445728
445771
445880
446102
446168
446240
446312
446460
446528
446995
447104
447126
447152
447344
447362
447446
447488
447540
447544
447876
448016
448082
448190
448402
448422
448544
448688
448880
448939
448956
449002
449126
449312
449384
449450
449496
449552
449556
449574
449582
449626
449674
449698
449722
449792
449916
449960
450082
450163
450248
450398
450403
450456
450468
450571
450584
450728
450849
450850
450950
450974
450992
451022
451140
451210
451354
451544
451572
451576
451734
451864
451994
452054
452078
452105
452153
452241
452268
452306
452360
452600
452624
452630
452770
453152
453156
453288
453432
453486
453488
453569
453704
453780
453896
453946
453994
454032
454232
454258
454424
454448
454664
454832
455192
455312
455338
455724
455822
456008
456038
456344
456353
456464
456547
456610
456800
456804
456846
456890
457282
457374
457392
457400
457492
457812
457848
457904
457978
458000
458096
458312
458443
458604
458646
458654
458938
459012
459028
459091
459104
459168
459446
459584
459754
459840
460212
460400
460562
460640
460860
460904
460906
461072
461129
461360
461362
461480
461506
461515
461672
461774
461864
462038
462065
462104
462202
462300
462490
462628
462710
463016
463068
463219
463406
463472
463498
463524
463596
463622
463670
463718
463760
463800
463904
463937
464004
464192
464194
464360
464408
464596
464626
464630
464798
464936
465013
465030
465060
465276
465320
465377
465516
465547
465686
465710
465752
465800
465896
466027
466064
466164
466232
466264
466505
466544
466616
466716
466722
466863
466880
466952
467096
467360
467504
468104
468111
468512
469066
469280
469282
469670
469736
469784
469882
469978
470002
470122
470148
470266
470288
470386
470390
470456
470459
470486
470600
470700
470832
470864
470888
470966
471032
471074
471152
471824
471864
471896
471905
472128
472136
472304
472400
472442
472546
472834
472858
472872
472880
472978
473026
473048
473194
473216
473369
473410
473424
473556
473724
474154
474198
474226
474296
474350
474739
474848
474874
474878
474926
474966
475114
475214
475243
475352
475544
475656
475742
475756
475760
475812
476264
476456
476484
476904
477060
477080
477194
477248
477510
477608
477656
477902
478016
478068
478160
478171
478286
478334
478339
478448
478454
478483
478616
478666
478808
479066
479102
479118
479218
479242
479266
479294
479390
479432
479443
479510
479600
479840
479947
480008
480048
480058
480060
480080
480200
480624
480822
480896
480922
481328
481435
481496
481664
481716
481782
481810
481934
482074
482144
482146
482264
482840
482908
482934
482936
482964
483034
483230
483278
483416
483752
483920
484067
484098
484118
484186
484208
484210
484234
484352
484416
484712
484924
485057
485216
485414
485432
485648
485798
485816
486091
486134
486224
486278
486384
486392
486427
486440
486632
486802
486864
486872
486900
487016
487239
487313
487428
487430
487492
487496
487502
487550
487576
487594
487784
487904
488048
488059
488342
488366
488624
488672
488746
488818
488866
488990
489038
489104
489398
489468
489560
489608
489752
490008
490042
490064
490254
490260
490280
490352
490472
490612
490754
490834
490915
490952
491074
491390
491520
491648
491748
491940
491944
492178
492248
492300
492320
492331
492612
492704
493684
493714
493718
493908
494266
494360
494437
494528
494801
494816
495036
495062
495088
495155
495394
495584
495722
495752
495792
496152
496160
496334
496520
496934
497192
497292
497424
497456
497624
497650
497982
497994
498008
498010
498078
498224
498443
498656
498686
498754
498898
499008
499034
499158
499376
499514
499522
499704
499708
499712
499738
499834
499872
499978
500068
500190
500216
500360
500386
500532
500558
500606
500630
500635
500696
500916
500960
501056
501209
501322
501346
501370
501449
501536
501804
501880
501898
501922
501944
501946
502158
502256
502354
502378
502616
502640
502832
502976
503074
503096
503155
503160
503294
503312
503570
503624
503659
503768
503820
503922
504016
504056
504250
504370
504492
504588
504604
504715
504850
504872
505116
505370
505424
505496
505522
505646
506018
506340
506432
506508
506672
506840
506890
506928
506964
507464
507560
507761
507864
507902
507907
507944
507973
508208
508304
508387
508400
508832
509018
509098
509264
509458
509530
509744
509866
509888
510010
510222
510224
510486
510536
510776
510920
510992
511056
511112
511206
511330
511520
511550
511784
512048
512088
512146
512316
512576
512609
512770
512864
512940
513038
513156
513704
513778
513920
514128
514132
514184
514356
514649
514734
514886
514987
515054
515102
515148
515290
515310
515360
516200
516348
516392
516488
516588
516682
516720
516728
516758
516806
516876
516896
517136
517232
517280
517672
517856
517882
518009
518024
518216
518256
518356
518568
518604
518666
518894
519152
519355
519440
519484
519488
519492
519665
520094
520142
520208
520254
520298
520400
520522
520544
520646
520736
520760
520952
521032
521052
521126
521172
521216
521408
521448
521552
521744
521753
521796
521890
522014
522080
522294
522420
522541
522560
522570
522624
522632
522636
522730
522752
522818
522948
523012
523160
523328
523400
523496
523546
523670
523718
523762
523810
523908
524048
524064
524236
524240
524268
524456
524576
524748
524840
524842
524890
524912
524938
524962
525066
525176
525246
525322
525456
525512
525545
525600
525656
525686
525756
525760
525776
525840
526020
526143
526328
526507
526524
526546
526670
526714
526784
526788
526956
527000
527050
527146
527240
527496
527528
527772
528230
528322
528444
528451
528660
528689
528800
528852
528896
529094
529097
529232
529265
529304
529594
529642
529688
529788
530148
530155
530192
530312
530644
530698
530726
530864
530936
531036
531056
531152
531224
531396
531584
531752
531802
531876
531920
532062
532142
532376
532472
532689
532736
532852
532906
532915
533000
533057
533100
533192
533452
533504
533602
533768
533792
533814
533818
534104
534130
534226
534248
534350
534674
534778
534876
534944
535112
535166
535308
535496
535538
535622
535745
535778
536024
536082
536120
536288
536458
536554
536748
536770
536976
536984
537076
537088
537120
537176
537230
537516
537536
537656
537782
537786
537848
538044
538208
538214
538296
538328
538464
538562
538625
538673
538944
539144
539312
539364
539426
539480
539520
539600
539674
539698
539929
540200
540232
540418
540422
540468
540674
540800
540898
541088
541090
541118
541210
541236
541243
541258
541280
541544
541690
541860
541872
541882
541904
542009
542155
542168
542552
542640
542746
542816
543080
543200
543202
543211
543672
543680
543944
544094
544122
544188
544210
544232
544352
544424
544496
544568
544584
544649
544736
544906
544924
544930
544954
545196
545201
545342
545354
545364
545602
545624
545794
545836
545868
545960
546006
546010
546278
546560
546734
546828
547064
547121
547454
547476
547620
547638
547688
547889
547908
548072
548246
548288
548480
548520
548552
548659
548768
549176
549274
549484
549516
549656
549728
549842
549992
550088
550352
550450
550668
550766
550954
550976
551048
551100
551192
551224
551552
551563
551688
551696
551722
551724
551864
552032
552176
552283
552296
552366
552416
552458
552562
552774
552822
552974
553056
553158
553160
553226
553384
553430
553758
553882
554000
554076
554384
554435
554456
554650
554774
554796
554890
554896
554960
555052
555080
555206
555344
555608
555698
555782
556002
556058
556112
556118
556306
556382
556387
556500
556536
556902
557000
557009
557054
557072
557099
557240
557392
557648
557672
557772
557812
557969
558032
558043
558082
558276
558470
558552
558638
558704
558782
558872
559036
559088
559106
559118
559160
559520
559644
559721
559800
559808
559913
559939
559976
560000
560098
560100
560312
560316
560386
560576
560786
560794
560870
560960
561008
561080
561209
561272
561326
561480
561547
561708
561728
561744
561896
561924
562097
562160
562304
562374
562454
562472
562714
562952
563131
563168
563280
563288
563338
563408
563432
563609
563611
563672
564034
564056
564194
564272
564288
564608
564728
564756
564772
564840
564916
564954
565016
565352
565400
565472
565664
565689
565786
565952
565976
566160
566316
566414
566534
566582
566624
567060
567098
567224
567259
567398
567660
567778
567816
567824
568232
568376
568544
568738
569048
569122
569124
569240
569297
569456
569858
569864
570032
570065
570176
570320
570464
570684
570689
570744
571060
571152
571160
571354
571544
571790
571808
572083
572096
572288
572666
572672
572698
572718
572960
573130
573200
573296
573394
573398
573401
573536
573800
573968
573998
574128
574136
574166
574238
574568
574664
574740
574752
574766
574784
574982
575144
575196
575364
575478
575491
575552
575582
575681
575870
576110
576346
576410
576536
576610
576706
576734
576776
576816
576830
576920
576924
577046
577088
577106
577114
577118
577280
577358
577382
577745
577784
578106
578340
578936
579274
579488
579518
579584
579608
579684
579704
579816
579872
580023
580040
580328
580354
580640
581024
581040
581208
581236
581313
581426
581438
581442
581600
581726
581944
582152
582176
582374
582507
582608
582846
582859
583160
583248
583376
583520
583550
583736
583865
584048
584114
584288
584312
584408
584460
584650
584744
584960
585204
585364
585401
585420
585466
585636
585689
585896
586402
586634
586956
586978
587000
587168
587360
587508
587528
587744
587822
587912
587995
588056
588176
588228
588595
588608
588636
589038
589374
589382
589406
589668
590040
590148
590240
590292
590360
590438
590504
590698
590772
590864
591056
591156
591248
591344
591422
591456
591560
591606
591724
591830
592112
592169
592208
592217
592339
592474
592520
592560
592760
592998
593006
593144
593264
593596
593912
594146
594202
594460
594470
594586
594656
594696
594846
594924
595128
595130
595160
595265
595593
595668
595795
595974
596096
596196
596323
596405
596441
596480
596552
596970
596986
597067
597185
597464
597470
597654
597656
597824
597944
598068
598258
598280
598329
598332
598354
598378
598592
598716
598732
598810
598908
598934
599030
599072
599136
599174
599186
599268
599394
599443
599480
599484
599635
599642
599648
599698
599768
599820
599832
599912
599956
600120
600128
600276
600307
600427
600466
600540
600706
600732
601040
601080
601114
601385
601400
601416
601424
601428
601520
601596
601664
601736
601838
601904
601968
602000
602081
602120
602362
602410
602480
602486
602508
602530
602676
602768
603080
603394
603416
603440
603728
603780
603938
604051
604286
604332
604568
604736
604806
604906
604928
605074
605144
605292
605362
605436
605458
605640
606108
606134
606228
606595
606663
606732
606864
606944
607112
607212
607500
607568
607718
607756
607810
608048
608170
608240
608648
608816
609017
609296
609370
609440
609466
609494
609656
609706
609780
609808
609824
609872
609930
610068
610088
610128
610386
610474
610483
610496
610500
610644
611028
611074
611225
611256
611366
611720
612080
612176
612344
612368
612374
612422
612636
613136
613162
613186
613352
613496
613526
613598
613688
613692
613712
613780
613812
614000
614006
614148
614192
614218
614336
614441
614550
614604
614646
614792
614818
614912
614995
615100
615134
615176
615394
615442
615518
615566
615702
615826
616010
616044
616123
616258
616264
616464
616472
616496
616502
616640
616718
616768
616786
616882
616980
617099
617168
617388
617644
617720
617868
617914
618080
618084
618096
618254
618302
618423
618442
618449
618564
618656
618818
619082
619123
619136
619262
619404
619442
619880
619982
620006
620146
620264
620600
620678
620936
621014
621298
621300
621480
621542
621905
622017
622500
622754
622784
622812
622976
623076
623192
623342
623528
623654
623724
623786
623818
624152
624276
624344
624392
624468
624744
624780
624842
625160
625219
625226
625234
625304
625474
625616
625980
626072
626216
626537
626556
626648
626816
626873
627067
627176
627346
627566
627584
627588
627684
627752
627792
628044
628066
628108
628262
628274
628368
628476
628531
628568
628644
628716
628747
628786
628808
628834
629002
629070
629120
629136
629175
629340
629456
629462
629482
629696
629794
629818
629964
630086
630206
630344
630401
630844
630846
631042
631064
631326
631448
631481
631640
631714
631762
631954
632025
632124
632140
632146
632168
632323
632360
632460
632474
632642
632777
632888
632966
633036
633062
633296
633464
633713
633800
633874
633998
634042
634068
634160
634336
634496
634522
634553
634570
634644
634752
634788
634856
634952
634980
635050
635192
635294
635340
635480
635672
635814
635914
635940
635962
636158
636314
636374
636612
636732
636894
636920
637208
637217
637472
637522
637574
637832
637937
637996
638024
638074
638098
638264
638268
638294
638394
638410
638434
638604
638720
638744
638960
638990
639416
639466
639538
639578
639848
639944
640027
640176
640208
640212
640544
640723
640790
640836
640856
641026
641362
641576
641704
641794
641816
641868
641921
642014
642176
642272
642305
642312
642416
642442
642468
642494
642610
642684
642924
642950
642968
643088
643160
643234
643260
643520
643603
643716
643732
643904
643976
644286
644414
644600
644616
644654
644768
644840
644890
644966
645146
645154
645226
645368
645396
645560
645848
645864
645907
646022
646304
646308
646322
646352
646472
646790
646880
646934
646939
647124
647168
647192
647222
647336
647508
647513
647528
647681
647768
647784
647897
647960
648032
648224
648272
648458
648466
648488
648824
648994
649016
649118
649145
649188
649308
649428
649431
649472
649616
649716
649976
650006
650024
650136
650216
650275
650388
650510
650578
650672
650724
650820
650864
650866
651060
651078
651410
651444
651610
651624
651632
651754
651802
651808
651828
651850
652046
652064
652073
652184
652210
652282
652472
652880
652956
653024
653144
653342
653480
653534
653700
653720
653818
653960
654110
654252
654318
654416
654558
654564
654608
654728
654859
655042
655138
655304
655354
655376
655478
655568
655742
655810
655850
656352
656362
656390
656432
656438
656572
656600
656750
656772
657008
657128
657416
657464
657686
657738
657938
657955
658027
658352
658474
658544
658610
658640
658656
658784
659054
659120
659246
659384
659552
659868
660060
660324
660418
660656
660746
660804
660824
660920
661042
661056
661166
661306
661356
661514
661780
661810
662004
662024
662057
662168
662316
662330
662384
662426
662546
662762
663080
663106
663128
663250
663440
663470
663662
663680
663792
663848
663920
663977
664130
664352
664380
664548
664808
664928
665395
665528
665568
665576
665580
665940
666010
666298
666326
666560
666778
666858
666974
667022
667138
667250
667304
667330
667464
667872
667880
667958
668024
668044
668052
668144
668274
668417
668432
668456
668472
668488
668606
668832
668860
668868
668912
668976
669058
669274
669442
669492
669656
669728
669857
670064
670080
670256
670272
670394
670452
670478
670710
670932
670934
670961
671048
671052
671054
671528
671846
671928
671940
671960
672039
672144
672224
672434
672458
672488
672521
672658
672682
672804
672922
672924
673042
673090
673112
673304
673378
673442
673459
673736
673758
673904
674072
674240
674356
674508
674530
674918
674966
674990
675032
675192
675234
675320
675348
675416
675512
675516
675656
675704
675734
675992
676236
676300
676422
676454
676574
676608
676616
676784
676806
676836
676858
676982
677064
677102
677318
677480
677626
677674
677744
677816
678034
678350
678590
678634
678660
678824
678992
679108
679160
679378
679502
679592
679800
679922
679930
680000
680008
680144
680174
680312
680360
680548
680624
680654
680676
680722
680792
680920
680960
681062
681110
681132
681163
681170
681224
681232
681298
681416
681418
681475
681490
681614
681641
681826
681848
681938
682160
682214
682282
682433
682618
682625
682642
682832
682884
682954
683048
683052
683096
683168
683218
683510
683513
683556
683602
683650
683674
683864
683897
684034
684082
684360
684370
684608
684704
684920
685354
685568
685622
685692
685854
685862
685980
686100
686312
686576
686672
686726
686816
686962
686990
687134
687158
687250
687259
687320
687427
687490
687602
687828
687872
688208
688400
688546
688594
688618
688834
688882
689000
689016
689136
689150
689174
689186
689222
689484
689777
689868
689880
689940
689982
690158
690176
690202
690307
690374
690396
690656
690752
690852
690920
690940
690984
691051
691138
691496
691512
691649
691766
691814
691832
692006
692408
692467
692792
692966
693058
693110
693202
693226
693274
693464
693480
693514
693516
693538
693560
693680
693902
693950
694042
694234
694424
694670
694718
694766
695072
695074
695096
695153
695288
695328
695360
695528
695624
695779
695840
695870
695960
696128
696158
696296
696324
696492
696566
696600
696752
696844
696848
696992
697300
697514
697568
697694
697830
697976
698048
698076
698146
698212
698218
698342
698508
698526
698576
698796
698816
698825
698864
699032
699034
699082
699314
699320
699370
699466
699680
699809
699966
700023
700094
700184
700238
700278
700372
700382
700572
700592
700906
701078
701234
701240
701310
701408
701550
701674
701764
702062
702146
702298
702512
702538
702667
702704
702778
703064
703099
703210
703232
703334
703346
703640
703723
703808
703824
703882
703948
704048
704192
704384
704480
704712
705120
705200
705226
705396
705443
705474
705569
705704
705824
705880
705944
706094
706258
706328
706505
706524
706592
706728
706760
706810
706884
707030
707040
707193
707222
707408
707419
707558
707702
708050
708108
708235
708248
708416
708728
708774
708878
708896
708926
709040
709118
709184
709234
709358
709472
709616
709662
709786
709889
710002
710030
710075
710122
710240
710362
710480
710491
710506
710544
710578
710600
710706
710816
710888
711156
711176
711242
711320
711422
711494
711728
711822
711824
711855
711944
711968
712112
712166
712382
712976
713009
713142
713292
713393
713456
713478
713624
713659
713792
714200
714392
714444
714608
714992
715210
715478
715520
715590
715618
715666
715832
715874
715910
715928
716048
716120
716240
716384
716576
716626
716674
716934
717104
717228
717248
717346
717442
717466
717514
717536
717562
717706
717758
717785
717800
717876
717922
717944
718016
718154
718190
718548
718688
718760
718793
718904
719048
719146
719155
719170
719192
719364
719384
719568
719606
719648
719816
719894
719912
719918
719952
719971
719984
720346
720536
720562
720658
720686
720778
720944
721064
721208
721224
721354
721424
721620
721692
721832
721848
721908
722048
722083
722216
722246
722249
722412
722456
722840
722928
723086
723152
723209
723228
723368
723418
723542
723686
723728
723852
723878
723926
724328
724380
724400
724496
724672
724712
724856
725100
725168
725538
725580
725707
725801
725808
725960
726250
726464
726830
726922
727094
727208
727311
727502
727522
727544
727560
727601
727712
727742
727848
727982
728002
728024
728096
728126
728268
728408
728484
728504
728544
728648
728674
728894
728976
729036
729064
729200
729368
729608
729752
729914
729944
730044
730088
730187
730193
730232
730236
730330
730520
730712
730802
730856
730862
730896
730930
730948
730952
731050
731092
731194
731246
731290
731312
731462
731624
731842
732032
732139
732178
732204
732350
732444
732514
732554
732800
732830
733064
733304
733472
733760
733810
733812
733896
734048
734192
734360
734380
734539
734552
734864
734960
734976
735174
735254
735272
735312
735624
735632
736160
736478
736520
736688
736792
736810
736812
736880
737168
737432
737462
737606
737626
737745
737750
737936
738329
738534
738728
738802
738811
738894
738920
738964
739064
739234
739472
739498
739592
739622
739808
739832
739854
740190
740216
740354
740510
740670
740672
740724
740818
740942
741008
741250
741272
741276
741320
741440
741612
741728
741826
741830
741888
741994
742016
742146
742280
742394
742480
742710
742738
743120
743146
743170
743240
743576
743606
743846
743865
743873
744176
744514
744516
744542
744761
744776
744944
744994
745018
745280
745300
745328
745464
745502
745568
745712
746011
746072
746192
746249
746480
746556
746678
746726
746744
746750
746794
747038
747128
747296
747510
747512
747728
747800
747996
748138
748160
748186
748206
748496
748542
748642
748819
748934
748954
749266
749718
749890
750062
750080
750144
750176
750276
750460
750617
750632
750772
750824
750924
750968
751001
751190
751411
751520
751718
752096
752114
752122
752130
752308
752410
752450
752458
752914
753157
753210
753355
753392
753654
753656
753728
753800
753974
754086
754184
754328
754472
754478
754592
754812
754842
754874
755026
755030
755048
755146
755155
755336
755358
755384
755528
755548
755600
755616
755696
755726
755746
755864
755870
755916
756086
756134
756368
756394
756516
756768
756968
757092
757232
757262
757300
757448
757553
757616
758042
758050
758144
758148
758160
758199
758225
758336
758481
758506
758630
758678
758744
758753
758993
759106
759154
759226
759288
759460
759569
759654
759704
759734
759850
759898
760114
760136
760302
760448
760616
760636
760764
760856
760908
760976
760982
761120
761266
761408
761602
761766
761840
762056
762514
762518
762800
762824
762970
763094
763142
763308
763400
763406
763662
764022
764076
764170
764192
764243
764264
764412
764626
764750
764888
764928
764936
765163
765331
765464
765552
765560
765602
765632
765656
765800
765896
765926
765944
766038
766328
766337
766402
766468
766578
767096
767131
767266
767450
767456
767628
767768
767772
767906
767984
768154
768326
768440
768473
768490
768538
768680
768848
769003
769190
769208
769248
769334
769496
769526
769555
769738
769760
769786
769810
769882
769952
770072
770102
770162
770312
770414
770437
770600
770768
771152
771192
771250
771418
771614
771774
771806
771811
771828
771850
771920
772064
772234
772282
772304
772622
772762
772828
772932
772985
773074
773168
773334
773432
773450
773587
773696
773827
773864
774224
774324
774464
774473
774614
774708
774848
775688
775732
775848
775856
775886
776024
776074
776196
776198
776288
776366
776432
776552
777014
777176
777306
777730
777750
777752
777824
777854
777984
778044
778114
778193
778304
778400
778553
778738
778832
778982
779144
779480
779533
779720
779768
779776
779793
779990
779993
780034
780104
780248
780281
780632
780706
780754
780852
781064
781086
781256
781304
781333
781376
781572
781640
781906
781930
782155
782312
782330
782338
782630
782960
783156
783206
783254
783272
783278
783281
783353
783416
783584
783678
783756
783897
783994
784064
784166
784232
784234
784352
784516
784548
784592
784646
784736
784745
784856
784867
784882
784908
785142
785246
785314
785600
785681
785700
785744
785826
785888
785993
786000
786032
786038
786355
786632
786896
787020
787219
787256
787334
787363
787496
787928
788028
788120
788456
788458
788500
788528
788602
788770
788888
788984
788986
789120
789440
789591
789732
789752
789970
789984
790130
790184
790210
790376
790640
790808
790904
791048
791264
791290
791338
791576
791696
791698
791768
791860
791892
791984
792010
792156
792248
792512
792586
792818
792872
793068
793090
793106
793160
793214
793250
793330
793406
793428
793454
793476
793490
793930
794142
794260
794268
794304
794460
794474
794486
794489
794730
795058
795104
795182
795230
795248
795259
795338
795508
796202
796210
796230
796236
796352
796570
796795
796826
796832
797124
797408
797504
797552
797635
797718
797720
797744
797753
797934
797960
798150
798152
798320
798350
798456
798588
798632
798676
798780
798872
798896
798979
799022
799424
799670
799682
799736
799913
800028
800098
800114
800408
800430
800452
800578
800605
800672
800702
800750
801288
801484
801512
801617
801844
801848
802094
802184
802208
802324
802368
802376
802536
802544
802734
802788
802808
802814
803120
803242
803460
803528
803652
803657
803744
803774
803928
803940
803960
804084
804104
804160
804176
804264
804272
804438
804488
804504
804684
804730
804852
804920
805404
805625
805664
805902
806197
806290
806338
806462
806500
806508
806522
806528
806582
806606
806696
806707
807036
807240
807446
807449
807512
807800
807811
807946
807994
808064
808160
808176
808344
808376
808472
808664
808710
808740
808745
808884
808952
808954
809030
809144
809196
809290
809312
809336
809414
809436
809528
809570
809602
809674
809840
809880
809936
810012
810056
810082
810226
810233
810360
810418
810466
810588
810662
810752
810780
810950
811152
811304
811346
811382
811577
811838
811891
812024
812266
812344
812456
812600
812640
812744
812816
812936
813248
813392
813488
813698
813778
813970
813992
813996
814066
814304
814330
814496
814500
814640
814784
815026
815179
815393
815520
815552
815724
815936
815960
816032
816062
816200
816416
816475
816560
816656
816720
816900
817018
817022
817025
817040
817044
817184
817274
817376
817474
817476
817786
817790
817792
817808
818030
818120
818220
818340
818384
818448
818508
818744
818868
819192
819248
819512
819540
819582
819728
819732
819736
820064
820134
820304
820306
820548
820664
820666
820924
820928
821050
821059
821088
821098
821120
821146
821168
821286
821320
821412
821506
821510
821530
821724
822008
822010
822036
822065
822210
822230
822270
822272
822288
822436
822504
822632
822662
822763
822800
822894
822898
823112
823138
823226
823234
823472
823568
823817
823968
824000
824290
824443
824480
824508
824576
824818
824888
824990
825108
825248
825296
825512
825538
825564
825792
825804
825924
826094
826112
826334
826424
826592
826668
826826
827292
827408
827504
827646
827768
827844
827984
828292
828512
828552
828566
828698
828728
828804
828972
828988
828992
829128
829138
829160
829256
829326
829546
829718
829856
830024
830094
830168
830408
830480
830585
830720
830916
830984
831082
831422
831689
831800
831914
832049
832094
832152
832162
832313
832478
832496
832522
832594
832596
832642
832976
833264
833336
833466
833640
833720
833742
833860
833918
833936
834080
834096
834346
834521
834656
834804
834824
834970
834992
835025
835116
835211
835448
835745
836006
836088
836168
836179
836344
836436
836451
836585
836622
836624
836692
836874
836888
836964
837120
837128
837196
837296
837446
837518
837564
837632
837804
837878
837920
838041
838232
838476
838544
838762
838788
838834
838976
839120
839336
839458
839460
839576
839696
839712
839827
840060
840248
840414
840536
840566
840590
840593
840608
840660
840752
840874
841064
841472
841474
841856
842024
842035
842076
842192
842208
842294
842352
842438
842480
842568
842624
842696
842748
842794
842978
843152
843160
843344
843422
843440
843636
843662
843830
843992
844190
844330
844352
844505
844714
844832
844860
844886
845164
845288
845386
845404
845436
845443
845504
845558
845696
845888
846032
846036
846050
846082
846104
846394
846416
846418
846590
846638
846874
846922
846942
847049
847092
847106
847448
848102
848150
848323
848345
848504
848720
848750
848792
848864
849040
849056
849128
849132
849320
849436
849499
849632
849770
849970
850142
850620
850651
850738
850760
851323
851400
851408
851426
851635
851744
851866
851990
852012
852096
852254
852392
852488
852632
852872
853164
853232
853332
853502
853616
853736
853784
853864
854024
854096
854188
854194
854216
854268
854360
854465
854688
854722
854770
855032
855278
855344
855440
855512
855564
855672
855842
855896
855912
856070
856160
856238
856256
856289
856572
856598
856608
856734
856808
856843
856850
856908
857238
857395
857456
857504
857648
857722
857744
857962
858326
858394
858538
858552
858632
858746
858780
858835
858872
859090
859138
859328
859404
859980
860078
860208
860220
860408
860582
860648
860792
861344
861562
861610
861632
861704
861734
862064
862136
862262
862328
862550
862627
862688
862760
862886
862934
862982
863009
863196
863288
863304
863390
863441
863458
863582
863659
863716
863796
863822
863872
863888
864002
864043
864128
864204
864422
864632
864684
864986
865169
865302
865455
865472
865546
865616
866072
866100
866227
866242
866268
866414
866486
866618
866648
866904
867032
867230
867302
867422
867660
867878
867892
867924
868092
868256
868308
868334
868400
869144
869528
869690
869694
869892
870096
870128
870158
870204
870274
870288
870298
870580
870612
870617
870811
870872
871040
871074
871280
871326
871352
871356
871562
871590
871742
871764
871784
871952
872000
872018
872336
872410
872419
872774
872894
873008
873134
873278
873355
873368
873518
873566
873710
873942
873974
874190
874328
874406
874712
874891
874928
875056
875074
875288
875338
875389
875508
875600
875724
875918
875936
876056
876062
876348
876370
876394
876418
876547
876560
876586
876612
876776
876826
876950
877070
877075
877152
877238
877241
877256
877260
877546
877550
877568
877688
877889
878024
878040
878201
878273
878336
878414
878768
879010
879034
879036
879056
879108
879220
879250
879446
879490
879498
879794
879802
879996
880022
880066
880136
880152
880164
880338
880544
880614
880784
881000
881030
881064
881096
881198
881460
881580
881582
881664
881672
881988
882176
882344
882372
882488
882560
882780
882902
883042
883166
883286
883298
883406
883442
883496
883526
883640
883666
883788
884000
884360
884504
884722
884744
884890
885067
885252
885368
885488
885634
886008
886041
886064
886572
886760
886832
887050
887364
887504
887840
888139
888278
888292
888296
888298
888324
888418
889016
889044
889069
889219
889280
889394
889470
889598
889669
889712
889740
889816
889834
889882
889930
889956
889978
890050
890066
890072
890074
890186
890216
890390
890438
890576
890794
890984
891082
891152
891187
891204
891396
891521
891564
891732
891857
891924
892082
892238
892306
892328
892474
892694
892697
892712
892978
893046
893072
893112
893192
893264
893290
893316
893456
893583
893648
894062
894128
894322
894366
894403
894534
894542
894787
894846
894900
894929
895230
895233
895424
895555
895618
895690
895738
895762
896385
896456
896548
896556
896633
896688
896720
896748
896912
896918
896921
896938
896964
897010
897124
897134
897152
897192
897296
897488
897540
897580
897612
897634
897656
897682
897794
897824
897852
897857
897864
898020
898064
898496
898572
898584
898601
898616
898662
898712
898832
898862
899194
899222
899242
899270
899432
899434
899458
899480
899792
899916
900104
900230
900248
900464
900680
900730
900872
900968
900992
901154
901160
901212
901217
901432
901466
901514
901516
901548
901570
901601
901722
901786
901812
901928
902044
902150
902168
902194
902208
902218
902384
902537
902624
902635
902779
902864
902960
903106
903420
903560
903800
903920
903974
904136
904200
904208
904212
904282
904304
904346
904352
904457
904496
904784
904856
905024
905124
905265
905286
905366
905408
905414
905522
905646
905770
905794
905936
906032
906512
906612
906806
906918
907162
907400
907544
907570
907586
907640
907930
907956
908054
908172
908266
908314
908336
908502
908642
908702
908766
908796
908816
908851
908864
908892
909152
909272
909440
909706
909728
909758
909944
910020
910025
910478
910512
910544
910712
910738
910904
911016
911024
911033
911090
911240
911249
911508
911726
911984
912152
912374
912534
912704
912872
912944
913075
913356
913448
913608
913738
913760
914000
914022
914240
914360
914580
914744
914796
914960
915128
915322
915392
915632
915802
915850
916136
916274
916304
916334
916426
916592
916640
916766
916858
916932
917024
917078
917081
917218
917238
917251
917312
917412
917508
917624
917626
917928
918104
918110
918296
918656
918828
918944
919169
919337
919359
919416
919448
919524
919656
919908
920004
920172
920216
920336
920408
920466
920482
920532
920552
920690
920698
920718
920720
921010
921032
921113
921200
921344
921422
921488
921914
922042
922049
922090
922208
922664
923046
923096
923126
923174
923244
923250
923384
923508
923582
923740
923772
923912
923921
924248
924394
924776
925088
925184
925265
925374
925424
925450
925564
925712
925762
925788
925872
925976
926148
926240
926266
926292
926312
926580
926600
926654
926721
926772
927043
927110
927176
927272
927516
927558
927680
927825
927948
928090
928116
928363
928546
928612
928670
928760
929105
929114
929124
929393
929430
929744
929870
930026
930134
930152
930163
930226
930228
930235
930350
930608
930712
930804
930824
930876
930992
931032
931042
931064
931232
931328
931448
931476
931504
931688
931704
931706
931834
931904
931952
932000
932578
932864
932884
932952
933091
933132
933300
933346
933474
933514
933638
933848
934217
934338
934346
934378
934642
934664
934690
934908
935096
935270
935316
935336
935408
935558
935602
935696
935820
935912
935990
936163
936176
936296
936416
936608
936634
936658
936752
936844
936905
936944
936996
937308
937452
937496
937808
937852
938000
938050
938054
938122
938126
938174
938192
938534
938578
938592
938626
938642
938652
938817
938840
938918
939084
939110
939200
939202
939392
939488
939490
939648
939876
940088
940104
940123
940186
940210
940256
940289
940502
940784
941016
941024
941150
941256
941264
941275
941552
941744
941746
941864
941892
941936
942222
942488
942728
942890
942898
942902
942907
942992
943092
943096
943234
943296
943352
943570
943782
943786
943810
943834
943858
944030
944192
944268
944275
944312
944432
944436
944520
944522
944530
944774
944864
944886
944940
945032
945161
945368
945374
945488
945516
945578
945704
945726
945802
945900
946040
946200
946256
946330
946356
946424
946520
946592
946784
947052
947288
947456
947622
947659
947700
947744
947873
947916
947984
948014
948017
948032
948200
948230
948360
948392
948422
948562
948582
948584
948590
948616
948682
949040
949070
949210
949282
949496
949721
949742
949764
949784
949808
949904
950122
950144
950203
950216
950668
950840
951010
951134
951206
951248
951370
951536
951612
951800
951955
952088
952128
952206
952524
952592
952961
953002
953146
953424
953486
953582
953648
953678
953841
953870
953960
954124
954156
954158
954384
954562
954584
954686
954762
954800
954968
955040
955214
955716
955723
955736
955738
955880
955882
956190
956198
956243
956280
956360
956386
956538
956962
957060
957298
957320
957436
957656
957708
957888
957900
957920
958088
958162
958308
958448
958464
958640
958808
958978
959096
959234
959432
959458
959465
959668
959676
959705
959774
959838
959870
960056
960206
960230
960276
960394
960522
960778
960900
960955
960970
960992
961062
961170
961236
961256
961339
961666
961732
962194
962220
962251
962360
962388
962390
962424
962648
962722
962816
963272
963320
963418
963427
963440
963752
963940
963996
964070
964162
964171
964352
964670
964734
964958
965006
965048
965218
965768
965794
965866
965882
965940
966060
966080
966148
966296
966536
966608
966782
966902
966950
967112
967169
967280
967302
967404
967459
967544
967664
967699
967784
967928
968074
968122
968203
968240
968360
968371
968410
968552
968818
969012
969128
969158
969464
969489
969576
969617
969728
969776
969848
969881
970096
970138
970186
970602
970664
970780
970782
970896
970904
971270
971384
971576
971774
971844
972008
972034
972058
972082
972204
972266
972299
972344
972536
972569
972584
972752
972816
972896
972920
972944
973152
973160
973180
973188
973766
973908
973944
974002
974072
974338
974528
974912
974936
975036
975080
975168
975200
975470
975512
975691
975770
976136
976195
976210
976304
976481
976544
976578
976668
977144
977264
977360
977368
977434
977554
977632
978224
978370
978379
978494
978560
978586
978610
978872
978876
978905
979051
979208
979354
979398
979550
979625
979632
979708
979904
980096
980744
980886
981104
981108
981114
981120
981134
981152
981230
981368
981494
981560
981643
981728
981806
981848
981850
982064
982166
982324
982452
982736
982860
982987
983040
983168
983190
983480
983744
983796
983936
983962
983978
984032
984228
984264
984412
984416
984514
984546
984680
984754
984802
984824
984846
984896
984926
984992
985092
985142
985236
985304
985315
985402
985596
985906
985932
986094
986170
986192
986410
986553
986624
987058
987080
987252
987272
987372
987416
987704
987710
987872
987876
987968
988066
988304
988330
988516
988548
988616
988736
988952
989096
989225
989241
989242
989264
989456
989572
989578
989720
989844
990200
990368
990614
990652
990656
990840
990883
991188
991315
991352
991544
991576
991584
991858
992078
992092
992328
992480
992482
992628
992672
992700
993080
993178
993272
993324
993390
993402
993418
993590
993900
994044
994088
994428
994456
994594
994664
994723
994800
994934
995168
995208
995395
995456
995476
995672
995724
995740
995794
995962
995988
996098
996250
996272
996299
996348
996466
996473
996492
996536
996590
996632
996708
996782
996800
996830
996974
997232
997236
997291
997430
997442
997522
997594
997756
997784
997952
998024
998102
998250
998360
998432
998472
998528
998624
998816
998936
999036
999137
999176
999276
999344
999464
999521
999584
999656
999752
999872
1000008
1000016
1000184
1000548
1000760
1000904
1001002
1001050
1001057
1001100
1001288
1001556
1001609
1001886
1001940
1002056
1002128
1002290
1002580
1002608
1002896
1002929
1003114
1003208
1003376
1003540
1003544
1003572
1003640
1003740
1003976
1004002
1004144
1004168
1004179
1004432
1004438
1004462
1004672
1004936
1005008
1005344
1005370
1005564
1005634
1005658
1005708
1005728
1005826
1005896
1005922
1005950
1006040
1006160
1006202
1006236
1006256
1006272
1006418
1006697
1006738
1006832
1006992
1007072
1007096
1007170
1007210
1007264
1007360
1007366
1007572
1007700
1007802
1007864
1007940
1008062
1008120
1008137
1008152
1008512
1008588
1008632
1008730
1008756
1008770
1008800
1008942
1009112
1009400
1009520
1009644
1009734
1009832
1009848
1009904
1009908
1010098
1010136
1010168
1010190
1010432
1010526
1010600
1010840
1010868
1010991
1011180
1011202
1011324
1011392
1011512
1011516
1011686
1011734
1011782
1011896
1011970
1011974
1011998
1012402
1012450
1012616
1012712
1012752
1012762
1012764
1012936
1012976
1013192
1013196
1013214
1013242
1013338
1013432
1013462
1013476
1013530
1013864
1014008
1014012
1014028
1014152
1014168
1014252
1014292
1014396
1014488
1014680
1014734
1014776
1014900
1015022
1015140
1015385
1015496
1015500
1015706
1015778
1015980
1016044
1016114
1016155
1016172
1016290
1016312
1016587
1016729
1016744
1016840
1017032
1017224
1017312
1017403
1017416
1017569
1017632
1017776
1018064
1018212
1018338
1018644
1018712
1018841
1018930
1018952
1019116
1019216
1019316
1019432
1019600
1019606
1019736
1019984
1020076
1020235
1020248
1020388
1020396
1020440
1020492
1020560
1020874
1021088
1021256
1021448
1021478
1021603
1021640
1021692
1021786
1021976
1022022
1022072
1022441
1022530
1022552
1022648
1022794
1022916
1022938
1023002
1023248
1023416
1023436
1023704
1023800
1023898
1023944
1023990
1024022
1024112
1024152
1024184
1024208
1024214
1024217
1024226
1024472
1024500
1024542
1024592
1024644
1024718
1024812
1024932
1025076
1025096
1025262
1025496
1025502
1025659
1025714
1025748
1025784
1025786
1025866
1026128
1026132
1026276
1026296
1026468
1026588
1026720
1026754
1026896
1026920
1027136
1027152
1027214
1027352
1027430
1027512
1027622
1027640
1027644
1027660
1027690
1027832
1027939
1028000
1028184
1028434
1028558
1028648
1028816
1028892
1029085
1029108
1029144
1029320
1029488
1029512
1029556
1029608
1029667
1029750
1029776
1029924
1029955
1030082
1030218
1030232
1030433
1030540
1030596
1030616
1030632
1030694
1030976
1031030
1031082
1031192
1031360
1031560
1031616
1031720
1031816
1032032
1032062
1032082
1032272
1032354
1032372
1032488
1032662
1032704
1032944
1032979
1032996
1033112
1033176
1033306
1033440
1033616
1033620
1033644
1034072
1034107
1034170
1034262
1034390
1034600
1034606
1034672
1034864
1035032
1035248
1035312
1035494
1035542
1035636
1035720
1035754
1035962
1035966
1036160
1036328
1036339
1036496
1036507
1036512
1036514
1036522
1036544
1036692
1036696
1036712
1036902
1036952
1036956
1036998
1037096
1037100
1037150
1037264
1037323
1037616
1037624
1037864
1038008
1038229
1038248
1038266
1038274
1038296
1038435
1038464
1038632
1038822
1038968
1038976
1039040
1039046
1039171
1039212
1039328
1039380
1039418
1039452
1039483
1039488
1039496
1039593
1039664
1039716
1039862
1039904
1040072
1040144
1040240
1040408
1040554
1040672
1040864
1041497
1041536
1041566
1041800
1041809
1041896
1042016
1042190
1042400
1042572
1042714
1042952
1042956
1043078
1043155
1043168
1043544
1043552
1043648
1043936
1043938
1044043
1044076
1044106
1044177
1044180
1044252
1044296
1044298
1044488
1044680
1044944
1044953
1045022
1045160
1045190
1045202
1045328
1045476
1045496
1045616
1045760
1045932
1046048
1046072
1046088
1046127
1046196
1046251
1046338
1046462
1046506
1046558
1046772
1046792
1046960
1047176
1047588
1047632
1047780
1047798
1047824
1047996
1048032
1048070
1048138
1048328
1048363
1048476
1048520
1048876
1048904
1049240
1049534
1049538
1049576
1049696
1049794
1050056
1050137
1050228
1050324
1050488
1050584
1050704
1050848
1050992
1051136
1051182
1051265
1051328
1051448
1051664
1051800
1051882
1051908
1052009
1052164
1052266
1052432
1052624
1052803
1053248
1053377
1053534
1053680
1053704
1053872
1053972
1054116
1054256
1054344
1054555
1054666
1054692
1054790
1054832
1055048
1055144
1055487
1055648
1055936
1056104
1056204
1056272
1056416
1056436
1056586
1056656
1056827
1056994
1057003
1057042
1057064
1057232
1057238
1057284
1057310
1057568
1057858
1057904
1058011
1058048
1058078
1058220
1058388
1058552
1058556
1058602
1058674
1059274
1059302
1059348
1059446
1059471
1059608
1059634
1059682
1059762
1059872
1060022
1060088
1060490
1060592
1060690
1060952
1061004
1061048
1061079
1061192
1061240
1061450
1061578
1061772
1061864
1061888
1062032
1062130
1062344
1062474
1062480
1062918
1062944
1063088
1063380
1063454
1063640
1063690
1063716
1063758
1063832
1064030
1064168
1064188
1064384
1064506
1064582
1064640
1064672
1064702
1064864
1064968
1064978
1065008
1065128
1065163
1065296
1065510
1065588
1065811
1065828
1065918
1066016
1066254
1066260
1066304
1066322
1066668
1066832
1066906
1066920
1066928
1066969
1066978
1067364
1067482
1067550
1067746
1067774
1067816
1067990
1068056
1068176
1068200
1068272
1068338
1068802
1068824
1068926
1068952
1069016
1069084
1069088
1069090
1069262
1069296
1069402
1069498
1069714
1069858
1069934
1070000
1070033
1070048
1070220
1070360
1070480
1070506
1070744
1070886
1070888
1070894
1070956
1071012
1071128
1071200
1071488
1071496
1071516
1071560
1071728
1071962
1072038
1072258
1072280
1072330
1072454
1072752
1072784
1073040
1073072
1073170
1073196
1073312
1073347
1073532
1073611
1073672
1073870
1073942
1074006
1074060
1074248
1074274
1074396
1074536
1074680
1074704
1074710
1074714
1074792
1075064
1075084
1075208
1075286
1075352
1075472
1075522
1075688
1075834
1076018
1076144
1076170
1076176
1076196
1076456
1076552
1076682
1076792
1076818
1076845
1076888
1076940
1077144
1077176
1077206
1077438
1077464
1077632
1077704
1077752
1078020
1078025
1078040
1078166
1078184
1078214
1078416
1078472
1078608
1078856
1078978
1079046
1079198
1079338
1079510
1079602
1079624
1079676
1079798
1079897
1080056
1080122
1080134
1080176
1080180
1080182
1080370
1080440
1080494
1080518
1080896
1081064
1081400
1081640
1081644
1081686
1081734
1081808
1081819
1081824
1081880
1082144
1082336
1082528
1082626
1082984
1082990
1083010
1083088
1083254
1083320
1083350
1083360
1083944
1084044
1084424
1084454
1084464
1084546
1084594
1084762
1084766
1084784
1084950
1084952
1085290
1085364
1085434
1085563
1085744
1086152
1086324
1086366
1086368
1086410
1086584
1086590
1086800
1086953
1087064
1087092
1087164
1087424
1087474
1087496
1087548
1087716
1087819
1087832
1087976
1088288
1088412
1088606
1088666
1088696
1088844
1089086
1089244
1089254
1089272
1089368
1089564
1089710
1089776
1089802
1089830
1089912
1089946
1089968
1090014
1090304
1090400
1090716
1090795
1090932
1090952
1090972
1091144
1091192
1091242
1091340
1091601
1091842
1091847
1091862
1092248
1092252
1092458
1092512
1092514
1092516
1092770
1092776
1092953
1093212
1093376
1093380
1093618
1093634
1093640
1093776
1094098
1094419
1094436
1094441
1094602
1094683
1094696
1094912
1095008
1095138
1095178
1095248
1095392
1095648
1095684
1095691
1095726
1095802
1095899
1096118
1096162
1096304
1096688
1096712
1096976
1096980
1097016
1097026
1097216
1097244
1097251
1097432
1097436
1097552
1097585
1097720
1097746
1097988
1098008
1098078
1098300
1098392
1098486
1098492
1098720
1098728
1098946
1099016
1099034
1099090
1099097
1099332
1099400
1099500
1099529
1099560
1099736
1099928
1100002
1100050
1100146
1100270
1100384
1100462
1100510
1100514
1100572
1100602
1100934
1101036
1101120
1101202
1101386
1101536
1101545
1101612
1101634
1101656
1101826
1102018
1102020
1102024
1102062
1102114
1102454
1102526
1102548
1102552
1102568
1103046
1103168
1103179
1103312
1103360
1103474
1103480
1103510
1103707
1103722
1103844
1103914
1103940
1104080
1104296
1104490
1104691
1104776
1104780
1104938
1104992
1105036
1105121
1105353
1105356
1105457
1105478
1105544
1105616
1105826
1106026
1106078
1106168
1106314
1106362
1106464
1106558
1106696
1106698
1106774
1107006
1107034
1107096
1107288
1107296
1107510
1107512
1107514
1107606
1107710
1108256
1108424
1108478
1108578
1108784
1108856
1109124
1109144
1109208
1109240
1109419
1109648
1109688
1109768
1110080
1110209
1110416
1110536
1110564
1110728
1110850
1111016
1111042
1111160
1111304
1111313
1111592
1111664
1111742
1111786
1111790
1111838
1112006
1112144
1112166
1112274
1112360
1112370
1112386
1112510
1112532
1112558
1112698
1112864
1112892
1112899
1113392
1113396
1113534
1113560
1113593
1113680
1113810
1113924
1114016
1114272
1114280
1114448
1114500
1114504
1114546
1114692
1115081
1115364
1115448
1115640
1115648
1115696
1115840
1115856
1115860
1115976
1116028
1116200
1116416
1116536
1116610
1116658
1116872
1116880
1117014
1117138
1117152
1117210
1117400
1117490
1117544
1117832
1117978
1118048
1118120
1118136
1118360
1118486
1118914
1118923
1119194
1119248
1119451
1119540
1119571
1119994
1120136
1120145
1120232
1120740
1120834
1120958
1121000
1121081
1121190
1121436
1121480
1121500
1121502
1121510
1121696
1121768
1121784
1121888
1122065
1122128
1122345
1122488
1122562
1122586
1122802
1122848
1123016
1123042
1123170
1123260
1123267
1123424
1123498
1123644
1123766
1123808
1123826
1123906
1123932
1123934
1124048
1124083
1124264
1124552
1124558
1124772
1124840
1124870
1124940
1125012
1125322
1125392
1125608
1125636
1125728
1125730
1125902
1125924
1126112
1126164
1126505
1126594
1126598
1126886
1126998
1127000
1127144
1127194
1127328
1127338
1127360
1127528
1127794
1127816
1128104
1128200
1128283
1128312
1128416
1128562
1128632
1128929
1128970
1129156
1129160
1129164
1129168
1129280
1129542
1129586
1129594
1129761
1129840
1129860
1129904
1130144
1130314
1130654
1130678
1130720
1130736
1130792
1130962
1131041
1131080
1131542
1131614
1131896
1131950
1132020
1132040
1132263
1132280
1132352
1132404
1132472
1132490
1132712
1132880
1132952
1133026
1133028
1133122
1133146
1133456
1133571
1133600
1133936
1133938
1134012
1134082
1134266
1134444
1134466
1134638
1134656
1134686
1134734
1134942
1134950
1135121
1135128
1135206
1135320
1135424
1135488
1135632
1135640
1135646
1135670
1135684
1135848
1136020
1136040
1136096
1136232
1136312
1136384
1136386
1136400
1136434
1136456
1136530
1136558
1136568
1136676
1136688
1136822
1136856
1136986
1137024
1137182
1137232
1137240
1137274
1137296
1137398
1137402
1137564
1137584
1137624
1137732
1137744
1137778
1137824
1137888
1138040
1138056
1138313
1138320
1138488
1138656
1138692
1138694
1138736
1138784
1138944
1138952
1138976
1139146
1139240
1139256
1139400
1139544
1139572
1139600
1139602
1139624
1139648
1139712
1139840
1139856
1139936
1140048
1140176
1140216
1140440
1140495
1140638
1141003
1141016
1141238
1141280
1141310
1141459
1141544
1141618
1141784
1141954
1142072
1142240
1142452
1142576
1142696
1142825
1142888
1143131
1143154
1143512
1143585
1143676
1143704
1143776
1143992
1144040
1144046
1144160
1144358
1144403
1144496
1144698
1144814
1144928
1145096
1145128
1145393
1145456
1145482
1145530
1145888
1146014
1146056
1146058
1146274
1146320
1146322
1146418
1146440
1146444
1146446
1146466
1146490
1146656
1146753
1146756
1146778
1146800
1147088
1147090
1147114
1147214
1147236
1147424
1147544
1147546
1147550
1147572
1147576
1148120
1148336
1148504
1148618
1148624
1148676
1148720
1148842
1148868
1149091
1149106
1149344
1149560
1149656
1150064
1150145
1150184
1150376
1150474
1150544
1150668
1150712
1150768
1150880
1150884
1151074
1151122
1151146
1151194
1151266
1151286
1151316
1151345
1151386
1151434
1151458
1151476
1151482
1151648
1151730
1151840
1151866
1151890
1151956
1152010
1152130
1152316
1152440
1152460
1152466
1152514
1152538
1152594
1153022
1153042
1153070
1153090
1153202
1153210
1153286
1153376
1153430
1153542
1153738
1153994
1154076
1154122
1154412
1154504
1154534
1154556
1154618
1154630
1154770
1154858
1154944
1154986
1155110
1155174
1155202
1155490
1155512
1155614
1155641
1155684
1155710
1155728
1155850
1155894
1155974
1156046
1156064
1156106
1156114
1156162
1156242
1156564
1157443
1157530
1157746
1157993
1158110
1159267
1159886
1160462
1160630
1160700
1161252
1161587
1161664
1161686
1161832
1162048
1162672
1162836
1162912
1163344
1163512
1163702
1163707
1163726
1163872
1164160
1164328
1164348
1164475
1164826
1164904
1165070
1165072
1165108
1165282
1165456
1165552
1165714
1165768
1165936
1166044
1166052
1166488
1167012
1167538
1167588
1167755
1167804
1167947
1169147
1169246
1169267
1169339
1169484
1169987
1170014
1170036
1170040
1170252
1170613
1170616
1170851
1170971
1171235
1171765
1171813
1172173
