9071
272
369
464
758
848
920
1088
1104
1472
1497
1526
1689
1752
1808
1905
1944
2264
2433
2505
2552
2938
2960
3104
3105
3368
3441
3687
3728
3730
3759
3879
4047
4161
4208
4592
4689
5008
5176
5240
5320
5992
6136
6178
6376
6688
6809
6824
6826
7088
7120
7291
7400
7432
7474
7680
7718
7744
8056
8072
8225
8264
8345
8494
8512
8705
8722
8824
9032
9208
9488
9658
9782
9944
10112
10241
10282
10673
11072
11168
11184
11582
11672
11705
12032
12082
12216
12342
12346
12451
12656
12686
12689
12715
12787
12854
13280
13769
13904
14050
14395
14417
14514
14582
14622
14726
14762
14870
14928
14960
15008
15058
15098
15218
15276
15396
15464
15610
15696
15776
15800
15802
15806
15811
15848
15968
15994
16066
16164
16226
16306
16522
16546
16568
16570
16594
16738
16994
17094
17153
17290
17354
17650
17670
17718
17722
17746
18226
18294
18418
18446
18482
18490
18658
18728
18732
18826
18898
18946
19068
19130
19208
19376
19378
19406
19548
19568
19668
19688
19834
19884
20006
20100
20126
20270
20292
20408
20412
20537
20552
20604
20720
20820
20971
21036
21152
21159
21240
21252
21376
21464
21624
21708
21872
21924
22256
22332
22596
22760
22788
22865
22932
23024
23042
23076
23275
23292
23436
23458
23576
23652
23858
23868
23942
23966
24032
24036
24200
24300
24442
24608
24636
24752
24778
24848
24931
24996
25092
25219
25280
25356
25592
25596
25690
25762
25766
25812
25832
25904
25934
26144
26199
26312
26456
26528
26580
26762
26820
26940
27274
27494
27624
27660
27752
27900
28016
28118
28236
28428
28450
28472
28498
28507
28542
28570
28704
28712
28764
28834
28880
29058
29068
29192
29236
29244
29384
29467
29476
29480
29504
29572
29720
29812
29971
29980
29988
30148
30180
30192
30316
30556
30638
30704
30737
30748
30848
30964
31088
31132
31168
31300
31308
31358
31360
31376
31570
31616
31618
31636
31694
31697
31714
31804
31998
32026
32048
32140
32234
32264
32280
32294
32308
32393
32500
32528
32558
32768
32788
32843
32980
33058
33172
33182
33340
33440
33484
33628
33662
33680
33850
33872
33996
34416
34494
34496
34502
34526
34664
34692
34880
34956
34994
35240
35244
35376
35384
35480
35578
35600
35720
35888
35960
36156
36342
36353
36368
36636
36872
37016
37041
37184
37322
37374
37548
37625
37658
37762
37810
37974
38075
38201
38456
38562
38593
38698
38742
38864
38870
39032
39054
39080
39152
39156
39290
39516
39520
39824
39828
39951
40186
40256
40310
40352
40548
40586
40784
40786
40834
40952
41048
41144
41196
41290
41312
41386
41434
41462
41600
41609
41616
41729
41772
41988
42235
42242
42336
42344
42377
42396
42490
42624
42728
42758
42806
42848
43064
43236
43286
43328
43544
43716
43862
43904
44050
44072
44312
44330
44359
44680
44696
44936
44938
45128
45152
45324
45418
45680
45900
46064
46162
46386
46464
46476
46514
46520
46542
46568
46694
46788
46824
46832
46915
46992
46996
47148
47170
47194
47290
47522
47528
47534
47616
47690
47921
48006
48014
48086
48104
48350
48412
48512
48680
48752
48922
49064
49092
49424
49470
49472
49694
49714
49782
49795
49952
50244
50336
50408
50500
50648
50840
51008
51058
51176
51242
51344
51490
51498
51532
51802
51920
51926
52186
52400
52546
52756
52898
52904
53072
53144
53198
53340
53345
53382
53432
53672
53770
53794
53864
54008
54120
54158
54200
54346
54368
54523
54534
54584
54948
54990
54992
55142
55166
55208
55240
55544
55736
55740
55752
55762
55834
55928
56336
56411
56600
56810
56986
57012
57176
57266
57276
57372
57560
57634
57974
57992
58042
58113
58160
58162
58496
58640
58664
58706
58828
58856
58884
58889
59052
59600
59800
59940
60080
60108
60248
60492
60534
60680
60824
61064
61160
61544
61618
61738
61862
62172
62174
62654
62864
62875
62936
63108
63144
63152
63163
63276
63320
63392
63682
63730
63778
63968
64160
64190
64426
64622
64664
65072
65076
65102
65172
65251
65354
65412
65528
65912
65990
66072
66086
66104
66115
66331
66444
66514
66566
66584
66658
66776
66924
66944
66960
66970
67094
67142
67160
67186
67358
67520
67616
67640
67668
67808
67906
67928
67974
68000
68160
68192
68196
68412
68726
68774
68984
69012
69230
69440
69449
69514
69638
69704
69920
70070
70400
70464
70688
70740
70856
71028
71168
71434
71450
71510
71640
71648
71816
71936
71945
72176
72584
72648
72680
72761
73066
73502
73520
73596
73664
73714
73882
74072
74246
74336
74510
74546
74574
74600
74755
74772
74858
74936
75108
75144
75176
75204
75250
75298
75656
75824
75902
76012
76017
76032
76040
76068
76136
76409
76496
76626
76736
76866
76982
77032
77046
77048
77144
77154
77174
77194
77336
77552
77750
77768
77868
77906
78014
78187
78192
78200
78202
78427
78464
78491
78684
78800
78944
79016
79272
79304
79424
79526
79544
79550
79608
79688
79690
79867
80068
80076
80153
80706
80720
80810
80962
81086
81200
81206
81458
81512
81691
81774
81824
82080
82158
82162
82232
82257
82502
82666
82760
82784
82790
82976
83240
83323
83426
83434
83456
83502
83537
83539
83700
83720
83742
83956
84056
84200
84228
84268
84296
84314
84442
84512
84566
84728
84970
84994
85016
85116
85284
85688
85788
86144
86288
86340
86528
86624
86654
86698
86858
86874
87248
87322
87420
87584
87617
87634
87944
88040
88112
88212
88496
88608
88682
88784
88860
88904
89072
89409
89438
89443
89480
89585
89594
89674
89947
90030
90110
90128
90174
90250
90276
90298
90396
90408
90518
90632
91020
91328
91400
91520
91620
91688
91790
91856
91872
92066
92164
92408
92528
92556
92624
92801
92864
92938
93104
93176
93348
93534
93614
93684
93828
94160
94352
94536
94762
94784
94836
94848
95000
95216
95246
95268
95294
95393
95412
95426
95672
95742
95744
95960
96062
96152
96364
96643
96662
96752
96922
97032
97308
97435
97476
97616
97708
97808
97930
98196
98284
98312
98515
98576
98768
98832
99056
99156
99224
99296
99304
99392
99710
99752
99761
99850
99974
100016
100022
100184
100210
100308
100328
100435
100472
100640
100808
100976
101064
101072
101120
101288
101480
101611
101778
101792
101842
101890
101916
102228
102244
102344
102442
102689
102758
102776
102782
102874
102960
102970
102998
103164
103328
103428
103594
103642
103668
103690
103826
103856
104000
104273
104338
104504
104554
104581
104626
104966
105014
105252
105331
105420
105512
105634
105752
105826
105920
105977
106425
106690
106738
106752
106760
106874
106932
107074
107240
107480
107586
107632
107650
107720
108010
108019
108134
108152
108344
108416
108684
108728
109140
109166
109286
109334
109376
109426
109550
109568
109736
109982
110000
110269
110312
110340
110538
110556
110616
110672
110748
110770
110842
110916
110922
110962
111032
111272
111372
111418
111466
111696
111774
111782
111806
111878
111926
112520
112570
112598
112694
112804
112836
113024
113201
113414
113432
113462
113489
113600
113698
113720
114080
114144
114296
114444
114486
114488
114754
114804
114859
114974
115121
115195
115472
115514
115908
116112
116120
116270
116654
116768
116798
116838
116846
116908
117050
117176
117374
117540
117566
117680
117787
117896
118016
118042
118238
118284
118400
118592
118862
118886
118910
119048
119312
119362
119408
119448
119504
119744
119844
120108
120134
120442
120466
120508
120658
120667
120682
121200
121238
121256
121406
121640
121673
121699
121728
121747
121786
121970
122004
122120
122232
122412
122416
122432
122474
122486
122510
122530
122568
122622
122624
122755
122772
122814
122912
123024
123032
123176
123420
123456
123756
123800
123962
124016
124184
124226
124284
124337
124354
124378
124502
124712
124928
125288
125480
125635
125696
125888
125890
125892
126008
126113
126144
126178
126200
126226
126329
126392
126560
126586
126824
126850
127568
127660
127776
127784
127826
128018
128201
128478
128486
128585
128696
128960
129218
129296
129418
129440
129554
129614
129662
129676
129706
129787
130082
130152
130387
130398
130424
130572
130760
130766
130838
131249
131386
131508
131524
131654
131962
132032
132104
132296
132492
132521
132584
132686
132776
132994
133018
133066
133190
133238
133252
133262
133546
133568
133740
133784
133932
134048
134240
134249
134266
134432
134602
134664
134716
134722
134897
134912
135042
135152
135230
135272
135324
135460
135480
135492
135543
135691
135778
136016
136112
136250
136254
136258
136280
136306
136594
136642
136644
136974
137336
137382
137508
137560
137576
137790
137796
137960
138106
138110
138168
138200
138355
138373
138494
138608
138782
138798
138872
138936
139016
139069
139082
139104
139112
139206
139256
139290
139400
139566
139598
139712
139718
139786
139976
140002
140072
140144
140192
140273
140316
140618
140690
140744
141028
141240
141252
141272
141298
141422
141728
141828
141960
142062
142184
142522
142601
142618
142858
142872
142928
143072
143236
143266
143432
143648
143654
143698
143724
143792
143956
144056
144226
144316
144446
144494
144512
144711
144787
144804
144944
145138
145262
145402
145416
145450
145712
145742
145930
146000
146042
146129
146194
146218
146266
146288
146436
146568
146794
146918
146960
147012
147230
147394
147632
147734
147806
147878
148042
148058
148214
148378
148483
148640
148786
148880
148956
149172
149210
149264
149412
149720
149820
149866
150130
150257
150272
150392
150416
150488
150568
150576
150678
150684
150776
150800
150900
150944
150960
151112
151138
151224
151284
151304
151476
151579
151670
151784
152048
152050
152072
152222
152240
152336
152576
152582
152666
152678
152746
152890
152960
153032
153128
153250
153420
153608
153648
153722
153776
153816
153907
153944
153970
154018
154136
154208
154424
154588
154592
154834
154904
154976
155144
155168
155312
155600
155720
155770
155818
155849
155984
156060
156086
156091
156158
156202
156250
156252
156272
156374
156466
156488
156656
156904
156922
156944
156994
157136
157166
157210
157214
157310
157420
157522
157554
157808
157954
158024
158059
158504
158552
158554
158628
158912
159032
159108
159203
159272
159342
159438
159464
159499
159787
159826
159854
159912
160064
160092
160226
160234
160258
160404
160408
160544
160664
160784
160862
161218
161246
161436
161472
161480
161482
161606
161654
161840
162086
162106
162250
162368
162490
162528
162630
162704
162744
162800
162974
163112
163164
163376
163784
163882
164083
164186
164192
164362
164580
164624
164820
165080
165288
165320
165440
165658
165782
165828
165830
165878
165946
165968
166212
166238
166376
166690
166832
166882
166904
167096
167194
167266
167386
167408
167556
167624
167690
167814
167920
168226
168488
168518
168632
168684
168810
168968
169208
169210
169289
169302
169498
169688
169889
169930
170192
170312
170432
170478
170496
170768
170840
170942
171067
171080
171098
171224
171253
171326
171438
171473
171536
171556
171566
171610
171658
171792
171833
171848
171993
172066
172219
172232
172584
172738
172762
172890
173074
173218
173246
173280
173408
173480
173606
173628
173654
173720
173826
173936
174017
174056
174098
174106
174320
174518
174538
174540
174562
174586
174608
174776
175064
175080
175330
175402
175548
175592
175640
175738
175760
175814
175832
175862
175908
175910
176162
176270
176362
176386
176456
176554
176766
176797
177058
177228
177370
177399
177450
177466
177617
177634
177704
177792
177820
178184
178308
178352
178400
178547
178586
178640
178882
179480
179731
179768
179840
180152
180353
180372
180392
180654
180896
180929
180993
181256
181282
181424
181546
181554
181850
182102
182126
182144
182150
182242
182299
182312
182480
182744
182755
182923
182984
183024
183056
183128
183146
183180
183211
183392
183560
183650
183778
183848
183920
183953
183994
184073
184088
184278
184306
184376
184450
184472
184712
184738
185002
185120
185504
185528
185720
185722
185842
186008
186178
186346
186514
186538
186680
186809
186872
187178
187326
187378
187426
187498
187544
187570
187584
187592
187742
187760
187928
188000
188264
188482
188504
188554
188748
188912
189032
189259
189344
189552
189634
189682
189842
189850
190114
190123
190136
190166
190258
190520
190616
190649
190904
191216
191222
191242
191264
191371
191384
191552
192080
192230
192302
192374
192386
192392
192580
192612
192728
192800
193002
193110
193352
193479
193884
194040
194074
194120
194166
194240
194408
194510
194528
194556
194726
194936
194982
195010
195134
195176
195233
195320
195442
195466
195482
195514
195536
195680
195684
195698
195854
196210
196258
196522
196602
196664
196668
196706
197002
197266
197288
197504
197672
197864
198030
198084
198113
198200
198396
198536
198643
198648
198704
198896
198964
199018
199066
199424
199464
199574
199736
200026
200192
200312
200386
200408
200510
200552
200774
200846
200888
201048
201056
201106
201178
201298
201394
201416
201564
201584
201944
201977
202056
202372
202424
202498
202524
202658
202688
202786
202800
202802
202810
202858
202930
203144
203304
203323
203362
203402
203432
203513
203816
204096
204176
204204
204346
204466
204680
204728
204758
204776
204938
204948
204974
205232
205376
205380
205448
205562
205574
205622
205780
205882
205926
206190
206192
206246
206336
206392
206408
206410
206414
206556
206578
206602
206648
206984
207056
207086
207230
207320
207680
207824
207948
207962
207990
208027
208208
208376
208544
208752
208956
209177
209294
209354
209432
209530
209604
209744
209890
209960
210056
210248
210418
210425
210660
210698
210728
210778
211016
211022
211112
211520
211688
212226
212336
212362
212490
212552
212626
212690
213108
213416
213492
213560
213615
213798
213800
213852
213948
213984
213994
214022
214066
214070
214090
214184
214472
214614
214688
214760
214786
214904
215016
215072
215076
215146
215240
215412
215504
215554
215816
215985
216008
216200
216204
216230
216584
216914
217160
217162
217472
217527
217716
217856
218148
218192
218312
218434
218436
218440
218568
218604
218650
218658
218674
218866
218904
218936
218961
218988
219252
219512
219558
219569
219632
219806
219872
220016
220022
220488
220579
220634
220688
220694
220834
220930
221000
221057
221192
221360
221408
221434
221443
221508
221618
221964
222346
222370
222440
222566
222580
222636
222648
222704
222816
222892
222900
222992
223032
223064
223430
223568
223666
223832
223860
223934
223968
224246
224316
224360
224744
224816
224822
224864
224868
224986
225060
225080
225132
225176
225250
225298
225464
225470
225480
225780
225824
226068
226088
226387
226552
226570
226591
226594
226769
226878
226952
227000
227122
227130
227170
227280
227336
227418
227486
227528
227754
227890
227960
228058
228176
228234
228272
228274
228344
228418
228523
228600
228608
228706
228776
228809
228900
229106
229304
229320
229616
229688
229834
229858
229878
229952
230050
230098
230114
230240
230408
230738
230744
230822
230912
230916
230928
231080
231156
231178
231398
231872
231877
231944
232088
232090
232256
232262
232336
232378
232400
232450
232548
232574
232650
232760
232763
232856
233168
233480
233602
233790
233798
233803
233818
233870
233940
234008
234048
234058
234104
234272
234374
234444
234512
234612
234686
234728
234852
234905
235219
235328
235330
235518
235572
235764
235784
235834
235932
236131
236192
236266
236434
236656
236750
236794
236864
236866
236984
237326
237494
237569
237604
237624
237632
237680
237850
238016
238123
238512
238544
238646
239131
239140
239328
239336
239340
239460
239558
239648
239664
239750
240080
240156
240326
240392
240412
240432
240560
240674
240680
240902
240926
240950
240968
241250
241306
241516
242072
242088
242114
242155
242336
242537
242600
242936
243072
243106
243152
243422
243442
243490
243702
243776
243920
244094
244210
244258
244280
244788
245011
245042
245070
245112
245218
245225
245240
245292
245342
245458
245460
245534
245576
245672
245740
245856
245864
245890
245938
246146
246174
246182
246254
246374
246680
246968
247088
247328
247339
247553
247688
247745
248072
248105
248441
248664
248744
248774
248890
249041
249104
249152
249324
249494
249512
249798
249824
249848
250328
250490
250498
250520
250682
250716
250736
250747
250889
250932
250958
251131
251168
251384
251552
251696
251864
251880
252154
252202
252228
253184
253214
253258
253386
253424
253492
253520
253524
253618
253834
253880
253968
253976
254122
254170
254344
254480
254600
254674
254698
255058
255204
255512
255552
255854
255864
255896
256064
256093
256272
256328
256472
256640
256784
256834
256915
257210
257376
257410
257644
257648
257818
257971
258008
258030
258032
258104
258392
258410
258444
258464
258480
258638
258752
258848
258850
259088
259118
259166
259296
259520
259546
259788
259810
260057
260336
260624
260626
260630
260705
260714
260768
260908
260941
261124
261200
261608
261696
261728
261826
261848
261874
261962
262232
262287
262313
262380
262472
262584
262614
262858
263290
263576
263681
263726
263846
263984
264156
264272
264488
264514
264656
264660
264665
264680
264848
264936
265094
265155
265210
265592
265616
265618
265856
265902
265976
266100
266144
266240
266292
266434
266458
266460
266624
266720
266746
266966
267060
267216
267248
267276
267320
267518
267638
267811
267960
267972
268092
268310
268358
268400
268616
268738
268762
268884
269144
269218
269432
269522
269681
269772
269797
269866
269888
270202
270250
270488
270504
270612
270614
270662
270756
270776
270872
270876
271184
271212
271280
271448
271457
271618
271666
271704
271838
271860
272000
272033
272120
272240
272242
272249
272268
272472
272486
272600
272602
272822
272916
273058
273080
273272
273340
273370
273542
273578
273758
273763
273776
273828
273948
273990
274070
274094
274262
274392
274494
274662
274668
274712
274938
275040
275048
275126
275264
275314
275384
275489
275510
275520
275532
275698
275768
275772
275984
276084
276139
276202
276240
276266
276320
276370
276418
276656
276667
276876
276992
277090
277256
277258
277382
277522
277524
277544
277664
277834
277862
277930
277952
278048
278054
278226
278256
278342
278528
278602
278604
278890
278914
278962
279248
279440
279497
279536
279638
279834
279868
279942
280016
280256
280424
280544
280568
280880
280896
280977
281096
281242
281264
281308
281362
281552
281816
281844
282043
282126
282152
282224
282272
282298
282360
282520
282540
282682
282824
282864
282920
283112
283114
283136
283212
283219
283304
283324
283665
283666
283736
283976
283980
284016
284126
284144
284174
284292
284318
284408
284450
284528
284840
285082
285240
285344
285364
285656
285896
285996
286088
286145
286328
286428
286688
286832
286976
286982
287098
287168
287384
287534
287539
287690
287696
287866
288281
288420
288446
288448
288632
288804
288806
288809
288896
288944
288976
288984
289068
289112
289152
289184
289553
289872
290004
290018
290162
290340
290432
290466
290938
291072
291102
291259
291296
291464
291662
291828
292162
292184
292568
292692
292880
293216
293246
293282
293292
293384
293488
293528
293633
294056
294156
294344
294374
294514
294608
294824
294904
295262
295304
295326
295356
295520
295736
296120
296220
296336
296555
296582
296700
296720
296798
297056
297082
297394
297440
297466
297475
297686
297710
297776
297816
297854
297876
297968
298114
298136
298280
298616
298804
298932
299006
299059
299174
299268
299964
300038
300062
300080
300096
300344
300394
300468
300610
300756
300892
301027
301112
301256
301334
301358
301540
301544
301882
301908
301928
301936
301992
302456
302528
302702
302720
303080
303178
303200
303202
303542
303732
303806
303992
304044
304070
304114
304118
304238
304380
304856
304865
304976
305100
305120
305192
305552
305640
305930
305934
305960
306096
306110
306128
306163
306272
306348
306368
306408
306440
306586
306608
306752
306754
306778
307088
307272
307280
307348
307404
307472
307504
307640
307838
307886
308168
308292
308336
308369
308652
308816
308864
309090
309137
309178
309264
309386
309440
309449
309466
309656
309800
309850
309857
309872
310112
310116
310278
310282
310410
310526
310550
310586
310662
310978
311192
311214
311268
311312
311412
311534
311552
311846
312091
312224
312492
312560
312820
312848
312944
313024
313064
313291
313376
313742
313786
313980
313982
314288
314388
314486
314816
315019
315296
315355
315488
315590
315608
315722
315881
315968
316164
316248
316352
316450
316498
316622
316786
316834
316976
316980
317142
317170
317220
317240
317316
317443
317606
317742
317744
317816
318200
318218
318272
318300
318420
318580
318588
318922
318924
318942
319018
319044
319169
319184
319260
319304
319500
319622
319666
319668
319740
319834
319882
319908
320096
320688
320820
320988
321152
321340
321368
321438
321446
321648
321944
321962
322012
322180
322688
322793
322876
323024
323076
323081
323338
323412
323510
323578
323592
323626
323646
323750
323794
323904
323960
324200
324374
324512
324562
324728
324892
325154
325208
325282
325568
325616
325762
325812
325834
325856
326024
326128
326192
326316
326342
326347
326360
326458
326480
326486
326530
326648
326652
326688
326816
326864
327082
327248
327278
327294
327372
327464
327538
327730
327754
327896
327972
328114
328140
328182
328260
328286
328411
328496
328572
328577
328594
328664
328782
328790
328998
329162
329168
329432
329434
329506
329558
329683
329792
329832
329922
330038
330168
330176
330259
330272
330398
330424
330512
330634
330660
330800
330824
330896
331042
331064
331112
331186
331232
331236
331368
331400
331574
331592
331784
331788
331862
332072
332107
332354
332408
332454
332513
332556
332716
332826
332847
332990
333082
333202
333206
333320
333608
333979
334016
334186
334188
334310
334550
334568
334586
334760
334766
335168
335648
335722
336058
336076
336182
336296
336464
336560
336610
336658
336688
336706
336848
336996
337088
337112
337226
337330
337354
337544
337671
337838
337858
338048
338126
338424
338434
338654
338672
338714
338844
338912
339012
339130
339250
339254
339368
339440
339492
339706
339732
339926
340160
340217
340280
340396
340400
340472
340642
340664
340880
341340
341524
341648
341720
341832
341864
342420
342546
342609
342710
342754
342774
343352
343428
343553
343572
343736
343752
343762
343784
343886
344006
344096
344174
344312
344347
344482
344504
344550
344792
345084
345152
345264
345322
345344
345538
345586
345710
345730
345872
346020
346184
346344
346424
346457
346592
346594
346673
346736
346808
347054
347096
347105
347136
347168
347214
347218
347362
347472
347840
347842
347968
348006
348136
348242
348272
348300
348512
348521
348540
348706
348802
348896
348916
348992
349256
349330
349332
349378
349598
349736
349740
349880
349908
350048
350078
350220
350414
350428
350456
350724
350864
350988
351098
351106
351128
351274
351296
351632
351752
351774
351806
351926
351968
352099
352302
352354
352426
352448
352497
352616
352692
352922
352930
353072
353076
353112
353170
353382
353408
353441
353578
353646
353650
353768
353916
353984
354080
354113
354320
354497
354824
354962
355280
355310
355567
355568
355592
355832
355854
355948
356090
356192
356268
356384
356556
356578
356825
357086
357130
357449
357468
357512
357619
357634
357768
357900
358016
358112
358258
358520
358526
358640
358767
358856
358930
358953
358976
359072
359270
359290
359360
359456
359600
359628
359818
359864
360010
360178
360200
360305
360344
360704
360708
360872
360898
360968
361132
361236
361256
361512
361634
361642
361906
361908
362026
362078
362090
362246
362362
362384
362410
362480
362720
362796
362849
362936
363072
363104
363161
363178
363200
363416
363608
363728
363848
363929
364136
364188
364404
364572
364624
364736
364793
364836
364862
364952
364980
364985
365118
365120
365408
365528
365530
365659
365840
365960
366178
366204
366226
366274
366296
366300
366398
366508
366633
366816
366842
366872
366883
366892
367016
367090
367306
367410
367526
367601
367760
367784
367976
368048
368120
368126
368186
368236
368240
368414
368448
368480
368624
368794
368810
368816
368818
368880
369032
369368
369560
369750
369778
369992
370116
370260
370304
370328
370400
370428
370472
370522
370544
370680
370712
370747
370904
370954
370980
371072
371264
371314
371352
371489
371504
371556
371576
371698
371736
371864
371918
371966
371993
372230
372444
372536
372636
372656
372944
373256
373304
373688
373784
373884
373924
373980
374142
374214
374216
374316
374376
374406
374600
374890
374914
374988
375096
375172
375280
375344
375470
375614
375728
375802
375846
375850
375872
376072
376088
376090
376263
376332
376376
376385
376502
376592
376616
376760
377048
377240
377384
377714
377840
377870
377936
377960
377986
378065
378074
378084
378176
378252
378322
378392
378656
378707
378776
378922
379160
379258
379289
379382
379424
379442
379494
379616
379716
379742
379867
379932
380120
380216
380312
380342
380436
380609
380696
380960
380986
381010
381176
381320
381442
381512
381634
381870
381888
381972
382164
382234
382241
382248
382256
382496
382574
382786
383138
383168
383273
383448
383456
383460
383628
383698
383794
383864
383872
383912
384080
384192
384248
384320
384422
384488
384514
384680
384787
385042
385138
385186
385310
385352
386016
386288
386460
386486
386748
386760
386792
387032
387180
387224
387300
387346
387368
387412
387536
387888
387896
387953
387968
388012
388032
388040
388212
388264
388328
388518
388531
388594
388740
388976
389192
389370
389456
389598
389672
389808
390002
390202
390224
390264
390392
390414
390418
390425
390824
390894
390902
390920
391000
391020
391064
391106
391160
391226
391352
391361
391424
391502
391550
391862
392081
392124
392192
392360
392364
392768
392912
393008
393152
393180
393216
393296
393470
393480
393684
393704
393842
393896
394064
394099
394232
394494
394594
394688
394718
394832
394858
394956
395000
395072
395192
395200
395330
395384
395515
395556
395648
396032
396156
396296
396304
396468
396536
396612
396754
396912
396968
397112
397376
397450
397472
397640
398072
398195
398258
398264
398323
398438
398456
398600
398604
398772
399008
399072
399104
399163
399272
399470
399590
399704
399728
399968
400256
400282
400640
400808
400932
400982
401048
401220
401296
401340
401491
401504
401702
401840
402002
402030
402032
402060
402617
402852
402899
402972
403166
403177
403260
403400
403760
403762
403832
403976
404096
404170
404178
404192
404242
404460
404576
404870
404962
404986
404995
405176
405224
405276
405432
405440
405872
405979
406112
406164
406286
406350
406354
406424
406522
406596
406616
406667
406858
406954
407212
407456
407568
407576
407892
408154
408176
408344
408451
408464
408588
408632
408744
408752
408900
409016
409018
409022
409238
409448
409454
409476
409584
409666
409987
410174
410288
410552
410792
410904
410918
411080
411274
411322
411348
411377
411480
411512
411588
411680
411713
411732
411900
411920
412282
412286
412352
412530
412646
412670
412782
412790
412838
412952
413096
413216
413256
413294
413438
413500
413650
413792
413812
414060
414080
414248
414440
414497
414512
414542
414672
414702
414713
414924
415068
415072
415184
415338
415452
415472
415502
415568
415632
415686
415856
415912
415926
415958
415976
416006
416024
416059
416289
416554
416576
416676
416744
416768
416936
417032
417102
417108
417128
417163
417283
417320
417456
417468
417499
417584
417780
417850
417872
417944
417968
418112
418214
418278
418400
418416
418498
418658
418712
418832
418838
418848
418910
418932
418936
419120
419124
419155
419338
419393
419410
419428
419522
419576
419798
419841
420224
420394
420566
420614
420619
420746
420898
420992
421154
421344
421474
421548
421553
421664
421928
422456
422508
422712
422768
422824
423090
423152
423250
423276
423374
423440
423881
423896
424358
424673
424736
424812
424832
425076
425120
425266
425288
425480
425624
425842
425864
425986
426017
426186
426204
426488
426643
426968
426994
427042
427256
427363
427368
427472
427620
427736
427904
427934
428208
428408
428768
428942
429105
429346
429370
429464
429617
429626
429680
429688
429804
429848
429979
430568
430858
430994
431002
431030
431198
431216
431292
431360
431364
431504
431556
431672
432038
432062
432080
432156
432248
432300
432342
432416
432434
432542
432822
432896
432914
433121
433208
433265
433354
433370
433378
433406
433616
433642
433644
433656
433808
434050
434171
434240
434500
434556
434600
434652
434666
434678
434688
434720
434750
434840
434842
434851
435056
435176
435497
435512
435560
435619
435704
435970
435992
436136
436164
436344
436616
436666
436752
436856
436980
437120
437242
437336
437480
437534
437572
437600
437688
437746
437834
438032
438248
438392
438510
438560
438691
438806
438833
438850
438948
438954
439026
439112
439147
439376
439516
439714
439810
439934
440004
440096
440148
440166
440318
440358
440366
440432
440472
440480
440582
440784
440816
440892
441008
441010
441036
441056
441082
441156
441202
441224
441422
441446
441632
441684
441778
441824
442110
442428
442448
442457
442554
442673
442680
442836
442976
443033
443044
443312
443456
443472
443576
443626
443668
443676
443936
444272
444350
444392
444680
444872
445208
445258
445352
445376
445454
445526
445712
445740
445742
445832
445928
445958
446028
446120
446150
446162
446198
446441
446504
446528
446696
446840
446888
446944
447008
447178
447216
447224
447416
447518
447658
447848
448016
448236
448267
448352
448426
448536
448708
448712
448782
448906
449096
449102
449198
449628
449777
449796
450080
450250
450372
450482
450602
450632
450728
450944
451016
451046
451092
451298
451328
451496
451548
451858
451884
451976
452362
452530
452770
452803
452840
452866
452988
453290
453298
453584
453804
453824
454090
454099
454112
454158
454162
454184
454400
454620
454622
454699
454712
454808
454952
454968
455160
455220
455384
455504
455520
455652
455750
455768
455888
455912
455918
455966
456110
456168
456200
456228
456233
456560
456872
456898
456994
457088
457090
457442
457808
457860
457934
457972
458072
458360
458544
458576
458654
458726
458792
458888
459108
459276
459283
459298
459320
459338
459366
459538
459542
459636
459666
459678
459874
459902
459922
459946
459950
459970
460044
460139
460142
460256
460404
460520
460568
460771
460812
461072
461170
461294
461484
461528
461652
461993
462038
462058
462134
462272
462298
462394
462442
462464
462608
462922
463184
463380
463452
463520
463648
463682
463688
463928
463934
464120
464246
464390
464528
464558
464816
465032
465128
465276
465368
465464
465560
465590
466016
466166
466208
466274
466315
466374
466416
466446
466520
466579
466712
466826
467314
467504
467512
467554
467640
467720
467748
467984
468132
468148
468254
468274
468468
468586
468828
468848
468864
468896
468968
469160
469232
469286
469474
469546
469664
469706
469904
470000
470168
470240
470384
470386
470410
470458
470530
470578
470768
470912
470988
471228
471326
471392
471682
471730
471754
471970
471992
472064
472282
472400
472668
472742
472836
472906
472913
472928
473102
473150
473192
473432
473458
473506
473624
473626
473635
473947
473984
474072
474248
474422
474595
474826
474950
474998
475040
475230
475256
475526
475664
476024
476168
476384
476417
476434
476504
476626
476642
476646
476648
476683
476880
476938
477278
477316
477322
477326
477344
477466
477492
477546
477632
477854
477922
478134
478376
478420
478452
478520
478562
478616
478760
478790
478808
478910
478958
479056
479074
479160
479192
479264
479294
479462
479484
479510
479552
479640
479672
479846
479864
480024
480032
480130
480154
480248
480636
480854
481040
481092
481166
481210
481354
481400
481472
481644
481712
481730
481814
481880
482096
482148
482194
482275
482358
482426
482436
482480
482496
482620
482624
482966
482976
482984
483104
483130
483632
483894
483920
484094
484418
484544
484712
484850
484904
484944
485196
485298
485338
485624
485630
485731
485784
485816
485864
485962
485984
486113
486128
486130
486316
486348
486470
486488
486518
486540
486656
486686
486848
487090
487112
487330
487646
487651
487760
487832
487944
487976
488006
488144
488199
488480
488482
488696
488702
488882
489056
489370
489372
489440
489584
489660
489686
489800
489857
489878
489977
490046
490106
490284
490544
490596
490664
490788
491360
491386
491424
491504
491528
491587
491624
491772
491816
491912
492104
492198
492422
492584
492658
492728
492878
493014
493044
493090
493112
493304
493472
493504
494216
494360
494386
494672
494794
494862
494864
494956
495008
495026
495072
495080
495113
495180
495254
495264
495272
495302
495350
495374
495602
495667
495776
495794
495835
496040
496049
496066
496188
496280
496352
496448
496592
496706
496948
497388
497467
497504
497532
497688
497818
497888
498080
498154
498248
498344
498602
498632
498682
499040
499136
499230
499232
499682
499712
499858
499880
500048
500220
500264
500338
500380
500412
500504
500582
500726
500958
501194
501224
501392
501422
501444
501608
501732
501778
501842
501850
501962
502075
502112
502276
502280
502344
502450
502496
502736
502740
502832
503266
503412
503504
503604
503678
503681
503748
503864
504128
504348
504536
504608
504776
504824
504856
504946
504968
505070
505248
505400
505568
505574
505620
505632
505884
506052
506068
506096
506160
506288
506360
506489
506529
506576
506626
506696
506844
506858
507080
507104
507204
507226
507370
507392
507560
507660
507730
507822
507896
507974
508280
508284
508290
508302
508448
508526
508616
508810
508952
508968
509292
509294
509297
509408
509460
509724
509864
510128
510458
510494
510672
510686
510778
510782
510944
511065
511188
511448
511522
511546
511616
511699
511904
512048
512102
512208
512216
512218
512227
512292
512360
512436
512576
512600
512945
512986
513084
513110
513252
513316
513584
513624
513883
513968
514046
514068
514112
514204
514236
514280
514472
514736
514800
514937
514952
515030
515098
515146
515168
515238
515288
515456
515720
515962
515964
516058
516080
516252
516256
516298
516312
516320
516392
516488
516612
516630
516680
517088
517258
517260
517280
517520
517660
517721
517762
517838
518000
518275
518292
518336
518360
518558
518576
518609
518626
518862
518918
519078
519084
519200
519344
519488
519586
519610
519658
519816
519924
520094
520164
520168
520232
520730
520742
520910
521096
521218
521240
521384
521552
521705
521768
521960
522000
522034
522078
522248
522320
522564
522680
522850
522876
522946
523016
523044
523070
523448
523574
523664
523718
523832
524052
524412
524432
524650
524657
524790
525062
525089
525113
525154
525438
525562
525584
525924
525970
526040
526160
526210
526308
526328
526472
526596
526834
526904
527144
527246
527362
527526
527630
527652
527666
527722
527792
527842
528008
528012
528034
528168
528230
528240
528410
528494
528536
528632
528752
528776
529018
529184
529210
529296
529348
529400
529424
529603
529760
530026
530053
530096
530150
530198
530369
530474
530480
530489
530526
530790
530888
531032
531065
531200
531344
531632
531826
531924
531968
532068
532238
532496
532634
532664
532865
532904
532982
533120
533179
533294
533312
533336
533352
533508
533552
533635
533696
533816
533823
533873
534012
534272
534346
534558
534728
534778
534912
534920
535088
535160
535256
535352
535434
535506
535577
535592
535712
535714
536022
536024
536144
536552
536652
536764
536834
536840
536945
537026
537089
537254
537272
537307
537329
537346
537416
537542
537552
537586
537754
537776
537992
538232
538236
538424
538428
538596
538834
538882
539192
539203
539414
539419
539610
539696
539768
539952
539960
540028
540128
540209
540398
540488
540584
540672
540752
540848
541016
541308
541363
541428
541430
541690
541716
541780
541882
542126
542172
542384
542395
542408
542414
542504
542620
542768
542840
542842
543050
543058
543104
543161
543250
543324
543510
543582
543656
543754
543920
544064
544184
544202
544214
544594
544692
544786
544856
545000
545192
545360
545578
545724
545768
545842
545868
545912
546104
546224
546300
546302
546610
546734
546857
547064
547090
547114
547258
547280
547483
547664
547860
547928
547992
548024
548120
548249
548314
548432
548506
548513
548526
548626
548750
549014
549058
549086
549272
549374
549396
549512
549564
549704
549800
549826
550232
550398
550466
550472
550522
550640
550762
550880
550886
550915
551048
551124
551179
551334
551456
551592
551606
551740
552248
552360
552368
552552
552608
552848
552946
553058
553160
553193
553236
553592
553620
553814
553872
553908
553970
554192
554266
554340
554432
555211
555392
555440
555588
555684
555842
556016
556066
556094
556132
556306
556328
556330
556378
556402
556640
556920
556976
557144
557174
557196
557338
557360
557432
557576
557744
557820
558080
558100
558202
558362
558682
558758
558852
559065
559136
559236
559448
559494
559734
559764
559800
559838
559880
560006
560054
560192
560312
560417
560432
560486
560840
560858
560947
561043
561065
561152
561182
561218
561632
561656
561698
561872
561936
562112
562217
562352
562512
562548
562594
562616
562666
562952
563011
563120
563150
563816
563888
563960
564032
564224
564242
564654
564710
564896
564944
565016
565164
565184
565214
565322
565368
565546
565690
565712
565800
565998
566002
566120
566177
566384
566532
566768
566923
567028
567252
567440
567482
567600
567674
568020
568064
568145
568232
568346
568360
568376
568428
568454
568526
568592
568680
568688
568714
568828
568841
568976
569074
569202
569290
569292
569314
569602
569726
569768
569960
570008
570080
570230
570294
570344
570420
570536
570562
570704
570776
570968
570984
571060
571068
571094
571099
571136
571208
571236
571474
571688
571704
571937
572094
572144
572220
572290
572384
572443
572649
572918
572942
572962
572986
573010
573372
573374
573398
573408
573448
573464
573516
573608
573612
573782
573785
573896
573968
574121
574123
574136
574166
574304
574472
574502
574544
574640
574651
574664
574738
574832
574904
574994
575294
575408
575672
575840
576396
576496
576584
576608
576704
577088
577254
577304
577522
577601
577638
577758
577764
577790
578120
578292
578360
578682
578960
579008
579010
579091
579202
579298
579416
579536
580134
580140
580191
580234
580592
580828
580860
580882
580904
580976
581028
581096
581131
581408
581576
581651
581774
581868
581899
581914
581962
582180
582211
582302
582562
582566
582792
583070
583352
583384
583520
583538
583596
583664
583784
583880
584028
584234
584236
584288
584400
584432
584576
584604
584772
584798
584801
584888
584966
585104
585252
585344
585680
585683
585804
585816
585848
585880
585926
586064
586376
586457
586474
586616
586627
586736
586952
587131
587194
587460
587548
587654
587681
587714
587842
587864
588080
588372
588418
588440
588656
588706
589020
589064
589080
589112
589372
589416
589524
589664
589696
589754
589902
589912
590168
590201
590290
590414
590504
590509
590624
590690
590694
590744
590796
591028
591082
591152
591200
591566
591586
591608
591680
591824
592138
592234
592404
592426
592446
592454
592664
592904
592978
593000
593190
593264
593456
593502
593578
593620
593676
593888
593894
594104
594226
594276
594398
594470
594704
594852
594904
594944
595020
595160
595176
595520
595552
595656
595688
595723
595980
596024
596246
596366
596384
596480
596552
596556
596600
596770
596914
596921
596936
597177
597242
597307
597553
597595
597608
597776
597818
597832
597914
598044
598088
598328
598530
598944
599246
599288
599362
599376
599576
599744
599954
599986
600028
600034
600416
600514
600518
600576
600584
600706
600804
600818
601046
601051
601088
601304
601424
601442
601492
601500
601646
601730
601834
601864
601958
602035
602098
602244
602432
602552
602696
602822
602832
602870
602918
603322
603494
603586
603854
603878
603920
604160
604166
604304
604376
604448
604483
604574
604819
604954
604982
605030
605052
605264
605288
605411
605456
605578
605736
605770
605840
605984
606274
606320
606464
606630
606632
607304
607396
607568
607736
607764
608072
608131
608194
608216
608240
608262
608366
608441
608456
608561
608700
608726
608731
608918
608936
609104
609754
609758
610136
610291
610306
610592
610736
610836
610880
611076
611144
611177
611218
611264
611342
611530
611552
611744
611840
611916
611923
612030
612132
612344
612390
612494
612542
612730
612752
612778
612826
613066
613210
613420
613592
613616
613792
613962
614096
614236
614270
614318
614370
614626
614762
615113
615132
615154
615318
615346
615350
615560
615730
615920
615994
616040
616232
616600
616843
616950
617129
617198
617306
617312
617556
617622
617657
617674
617884
618130
618368
618536
618744
618782
618800
618828
618968
619184
619352
619529
619592
619760
619812
619928
619930
619968
620150
620172
620426
620432
620508
620784
621060
621146
621161
621350
621451
621466
621536
621672
621704
621896
622094
622145
622382
622406
622450
622472
622546
622697
622736
623192
623258
623267
623360
623366
623528
623690
623764
623890
623942
624152
624158
624178
624202
624344
624408
624512
624752
624920
624977
625003
625160
625190
625304
625402
625424
625574
625592
625762
625784
625928
625978
626172
626292
626386
626630
626726
626888
626960
627056
627065
627180
627272
627364
627416
627489
627562
627586
627640
627996
628132
628136
628328
628346
628348
628812
628930
629024
629214
629222
629249
629312
629666
629792
629864
629940
630028
630108
630209
630216
630320
630350
630403
630516
630656
630660
630756
630798
630850
630953
630968
631090
631112
631260
631570
631946
631954
632076
632144
632434
632456
632504
632626
632705
632864
632942
633008
633137
633200
633344
633432
633486
633606
633614
633636
633652
633662
633708
633800
633882
634112
634184
634328
634334
634568
634574
634760
634952
635030
635144
635146
635480
635899
635912
636010
636038
636608
636848
636902
636944
637134
637142
637160
637378
637454
637472
637483
637502
637596
637664
637670
637694
637764
637808
637952
638050
638064
638072
638152
638220
638312
638314
638510
638580
638585
638606
638672
638916
638918
639034
639056
639137
639350
639569
639643
639680
639752
639944
639988
640232
640332
640566
640640
640760
640810
640976
641026
641090
641124
641162
641264
641266
641316
641352
641720
641768
641888
642032
642440
642470
642512
642614
642656
642732
642824
642920
643042
643356
643382
643520
643808
643860
644004
644144
644290
644386
644390
644528
644816
645038
645109
645224
645242
645281
645394
645398
645536
645584
645656
645696
645732
645832
645876
645916
645968
645996
646001
646018
646160
646193
646328
646332
646548
646584
646688
646693
646884
647066
647386
647390
647408
647600
647616
647648
648246
648296
648312
648456
648494
648556
648800
649040
649070
649202
649348
649474
649572
649860
650052
650120
650312
650408
650482
650886
650912
651074
651104
651156
651282
651390
651440
651514
651584
651588
651628
651638
651684
651686
651800
651844
651902
651950
651953
652112
652250
652282
652594
652642
652670
652769
652786
652814
652946
652998
653006
653054
653126
653146
653168
653290
653366
653414
653729
653812
653814
654010
654344
654416
654628
654654
654710
654872
654888
654944
655051
655118
655136
655156
655164
655258
655284
655354
655618
655640
655880
656246
656360
656432
656556
656558
656624
656656
656746
656790
656912
657014
657536
657584
657968
658018
658040
658142
658274
658291
658476
658568
658574
658833
658958
659052
659220
659246
659364
659522
659580
659611
659792
659846
659912
660056
660176
660372
660416
660466
660792
660804
661046
661210
661232
661258
661298
661400
661574
661622
662177
662216
662297
662360
662489
662576
662986
663002
663110
663302
663418
663754
663802
663826
663950
664114
664260
664382
664616
664740
664784
664882
664984
665026
665098
665222
665360
665528
665602
665628
665659
665862
665916
666008
666104
666130
666320
666336
666488
666497
666554
666738
666754
666840
666906
667016
667402
667708
667880
667904
668168
668174
668198
668244
668288
668328
668412
668438
668534
668582
668630
668740
668822
668870
668912
668940
669110
669128
669132
669318
669348
669488
669752
669824
669872
669953
670051
670136
670332
670348
670454
670478
670527
670646
670697
670930
671000
671096
671146
671240
671318
671336
671410
671450
671502
671702
672010
672200
672300
672398
672440
672538
672560
672778
672826
673094
673142
673164
673193
673280
673472
673502
673522
673526
673538
673608
673640
673697
673794
673880
673915
674010
674016
674096
674312
674316
674576
674598
674606
674744
675150
675222
675349
675351
675418
675440
675560
675682
675750
675824
675896
675962
676112
676164
676392
676472
676784
676800
676878
676886
677004
677048
677088
677384
677506
677574
677794
677840
678076
678158
678206
678254
678302
678398
678416
678584
678870
679064
679267
679302
679568
679658
679670
679692
679890
680030
680336
680417
680630
680720
680984
681000
681082
681152
681154
681326
681398
681626
681704
681828
681842
681848
681854
681992
682042
682094
682208
682306
682328
682352
682402
682424
682526
682594
682666
682690
682714
683054
683072
683102
683558
683672
683724
683936
684056
684152
684344
684412
684466
684504
684704
684872
684878
684902
684968
685034
685050
685166
685512
685524
685760
685936
686000
686240
686321
686388
686408
686508
686563
686624
686700
686794
686802
686984
687058
687139
687152
687178
687248
687266
687528
687536
687610
687715
687898
688256
688598
688620
688712
689059
689118
689120
689390
689412
689414
689480
689624
689626
689654
689866
689982
690080
690106
690368
690416
690432
690542
690560
690682
690704
690708
690778
691044
691064
691291
691400
691572
691666
691790
691812
691856
691952
692024
692098
692140
692299
692318
692366
692384
692792
692993
693036
693130
693370
693372
693542
693562
693584
693842
693888
693896
693948
694160
694424
694474
694626
694906
695100
695142
695174
695458
695630
695864
696324
696512
696542
696608
696612
696776
696896
696970
697324
697339
697354
697440
697640
697644
697651
697730
697826
697865
697900
698074
698268
698336
698384
698434
698482
698504
698606
698672
698694
698724
698866
698990
699128
699250
699346
699470
699560
699590
699609
699638
699659
699708
699728
699974
699996
700064
700433
700616
700668
700808
701024
701094
701240
701576
701722
701770
701864
702416
702754
702878
702994
703040
703116
703152
703208
703214
703424
703512
703592
703640
703756
703884
703958
704240
704568
704578
704585
704600
704696
704755
704890
704971
705043
705176
705322
705442
705512
705660
705816
705824
706020
706296
706568
706690
706788
706814
707050
707177
707192
707264
707284
707314
707362
707376
707700
707716
707816
707846
707850
707864
707960
708058
708080
708248
708324
708466
708608
708689
708708
708722
708776
708922
708992
709170
709304
709598
709670
710024
710224
710268
710352
710428
710436
710515
710642
710672
710779
710899
710906
711200
711394
711425
711442
711632
711804
711826
712040
712114
712136
712232
712234
712354
712376
712385
712448
712450
712592
712736
712856
713312
713371
713408
713480
713786
713888
713961
714156
714224
714444
714521
714730
714750
714826
714835
714874
714900
715018
715142
715304
715330
715354
715357
715548
715568
715594
715714
715738
715958
715982
716006
716030
716384
716456
716480
716580
716609
716672
716702
716740
716774
716822
716912
716986
717096
717182
717248
717320
717353
717420
717948
718208
718256
718382
718424
718602
718712
718908
718926
718934
718952
719016
719074
719336
719506
719582
719642
719690
719746
719912
719945
720130
720168
720200
720466
720752
720840
720896
720960
721040
721208
721262
721280
721424
721688
721848
722024
722310
722360
722436
722504
722561
722652
722754
722790
722894
722918
723004
723037
723168
723204
723224
723298
723305
723510
723536
723680
723684
723710
723752
723782
724160
724166
724344
724454
724498
724502
724520
724712
724738
724742
724883
725026
725168
725196
725454
725558
725644
725690
725897
726032
726132
726368
726460
726710
726752
726896
726924
727180
727298
727546
727584
727592
727714
727788
728048
728136
728144
728312
728332
728364
728394
728496
728504
728558
728624
729106
729230
729302
729370
729488
729672
729737
729774
729776
730049
730116
730186
730210
730258
730448
730522
730650
730784
730862
730928
730980
731068
731179
731232
731240
731264
731408
731568
731624
731834
732056
732200
732571
732680
732806
732852
732920
733040
733208
733280
733376
733476
733688
733766
733834
733860
733882
733904
734360
734528
734548
734558
734768
734890
734914
735246
735324
735328
735388
735440
735608
735704
735722
735738
735852
735992
736038
736097
736136
736200
736385
736420
736424
736428
736452
736616
736666
736882
736992
737046
737072
737076
737083
737096
737203
737288
737441
737480
737640
737810
737886
737984
738233
738248
738292
738348
738434
738446
738474
738494
738690
738830
738842
738902
738994
739136
739404
739598
739640
739670
739810
740024
740160
740246
740290
740554
740576
740864
740868
740960
741100
741128
741608
741680
741896
741922
741996
742046
742130
742238
742286
742675
742712
742728
742980
743000
743098
743184
743192
743222
743288
743436
743552
743698
743851
743864
744036
744056
744146
744307
744410
744416
744512
744686
744739
744752
744758
744904
744920
745064
745136
745212
745228
745616
745784
745956
746240
746438
746484
746628
746744
747002
747032
747078
747152
747187
747554
747632
747792
747870
747896
748064
748118
748132
748219
748400
748529
748638
748646
748664
749168
749288
749384
749424
749462
749486
749504
749736
749942
749960
750067
750344
750362
750804
750922
751064
751140
751184
751544
751570
751688
751769
751808
751978
752002
752148
752288
752340
752696
752792
752888
753024
753032
753060
753078
753200
753224
753246
753344
753464
753632
753678
753752
753763
753768
753946
753994
754064
754226
754354
754370
754376
754752
754784
754826
754880
754974
755048
755124
755153
755170
755240
755294
755384
755452
755508
755582
755600
755958
755969
755988
756156
756281
756300
756416
756560
756680
756824
756868
756954
757088
757280
757858
757891
757896
757932
758024
758074
758120
758249
758336
758402
758609
758808
758940
759058
759418
759512
759898
760208
760400
760646
760660
760670
760699
760712
760762
760764
760810
760836
760952
760978
761144
761242
761290
761456
761472
761792
761873
762183
762233
762420
762456
762584
762776
762986
762992
763032
763136
763178
763200
763208
763291
763426
763450
763498
763522
763568
763842
764105
764288
764504
764720
764915
764969
765080
765176
765252
765259
765298
765422
765538
765804
765822
766224
766256
766378
766440
766450
766544
766688
766716
766832
767006
767088
767126
767222
767264
767270
767328
767720
767736
767750
767768
767798
768080
768168
768403
768567
768634
768737
768864
769020
769049
769160
769212
769280
769288
769616
769976
770048
770216
770534
770602
770672
770914
771038
771130
771204
771320
771468
771512
771614
771641
771806
771810
771851
771872
772075
772184
772214
772392
772424
772430
772640
772806
772904
773122
773192
773216
773280
773306
773416
773480
773650
773742
773840
773862
773894
774086
774104
774178
774226
774306
774338
774392
774396
774710
774792
774874
774898
774968
775008
775166
775184
775272
775380
775409
775424
775500
775520
775932
775978
776002
776050
776074
776336
776364
776552
776582
776653
776864
776894
776936
777132
777211
777540
777708
777929
778214
778272
778280
778498
778651
778712
778728
778760
778904
778954
778976
779028
779124
779140
779314
779424
779558
779582
779604
779642
779672
779840
780041
780104
780198
780230
780292
780320
780372
780451
780516
780547
780785
781064
781243
781280
781378
781670
781896
781976
782238
782410
782419
782688
782768
782984
783152
783306
783464
783564
783866
783920
783950
784051
784171
784232
784334
784454
784502
784592
784832
784836
785136
785144
785456
785486
785513
785672
785798
785916
785984
786176
786216
786222
786259
786322
786329
786392
786446
786708
786752
787402
787428
787496
787526
787574
787810
788009
788098
788218
788232
788458
788688
788890
789032
789043
789106
789154
789513
789689
789770
789776
789854
789994
790016
790090
790302
790400
790550
790646
790730
790760
790834
790970
790976
791035
791360
791648
791674
791683
791864
791894
792032
792396
792488
792490
792580
792593
792776
792826
792852
792944
793112
793190
793236
793267
793305
793328
793334
793370
793406
793424
793544
793616
793715
793742
793933
794016
794196
794216
794306
794412
794552
794656
794772
794840
794936
795224
795281
795422
795497
795512
795800
796232
796361
796380
796649
796670
796808
796860
797006
797010
797264
797266
797292
797532
797816
797966
797986
798128
798488
798632
798700
798830
798878
798920
799156
799424
799448
799910
799924
800120
800336
800356
800384
800674
800696
800864
800894
800938
800964
800984
801078
801414
801512
801824
801826
801872
801950
802304
802394
802450
802568
802601
803264
803314
803330
803438
803504
803528
803744
803779
803844
803960
804060
804182
804248
804274
804375
804532
804569
804632
804656
804678
805328
805904
806048
806170
806342
806460
806528
806563
806744
806760
806892
806936
806960
807089
807134
807180
807272
807492
807680
807746
807950
808022
808068
808090
808160
808232
808310
808400
808640
808670
809024
809120
809192
809328
809336
809482
809498
809642
809652
809696
809726
809786
809966
809984
810060
810152
810187
810564
810595
810632
810756
811056
811112
811136
811260
811304
811346
811624
811880
811952
812129
812264
812336
812434
812506
812528
812672
812754
813032
813240
813250
813259
813374
813538
813612
813614
813632
813711
813761
813946
814016
814099
814136
814232
814250
814338
814352
814478
814520
814649
814694
814736
814762
814802
814824
814828
815120
815170
815247
815258
815323
815406
815408
815436
815458
815482
815552
815648
815816
815906
816010
816036
816176
816252
816368
816427
816488
816564
816636
816656
816698
816852
817116
817236
817288
817482
817568
817692
817697
817712
817856
818096
818192
818266
818314
818340
818360
818480
818484
818486
818489
818672
818888
819128
819178
819331
819536
819608
819680
819704
819800
819946
819990
820160
820191
820400
820428
820546
820553
820886
820996
821000
821240
821576
821609
821646
821960
822030
822067
822200
822278
822394
822488
822512
822518
822576
822617
822684
822706
822720
822878
822902
822922
822992
823051
823064
823214
823232
823376
823378
823448
823546
823568
823594
823614
823760
824000
824208
824218
824508
824678
824794
824816
824895
825276
825394
825540
825632
825728
825732
825842
826116
826154
826208
826302
826376
826402
826500
826662
826664
826718
826745
826786
826832
826898
827168
827214
827456
827648
827984
828104
828536
828564
828750
828756
828816
829180
829232
829553
829622
830046
830076
830266
830390
830458
830652
830672
830864
831084
831176
831427
831536
831704
831826
831830
831896
832298
832784
832854
832856
833004
833266
833336
833408
833424
833792
833834
834062
834108
834394
834416
834516
834802
834842
835025
835112
835132
835260
835304
835394
835433
835522
835646
835664
835928
836292
836360
836480
836600
836792
837379
837440
837518
837608
837892
837950
838160
838232
838354
838376
838411
838474
838478
838568
838598
838642
838648
838716
838928
839246
839418
839554
839676
839720
839880
839942
839982
840115
840268
840342
840354
840468
840632
840660
840992
841064
841070
841232
841544
841786
841954
841978
841980
842216
842290
842328
842786
842796
842984
843050
843152
843163
843250
843440
843656
843800
843876
843920
843998
844038
844046
844209
844361
844402
844426
844474
844478
844548
844579
844786
845030
845054
845130
845216
845443
845576
845720
845750
845777
845796
845840
845875
845980
846030
846084
846224
846300
846440
846638
846700
846704
846787
846816
846824
847064
847112
847232
847642
847651
847658
847808
847858
848216
848314
848417
848432
848456
848472
848657
848750
848840
848858
848964
849035
849178
849206
849248
849444
849638
849734
849782
849872
849936
849992
850090
850166
850328
850356
850411
850450
850664
850686
850728
850790
850908
851020
851072
851076
851266
851268
851290
851628
851650
851690
851840
852062
852148
852248
852298
852338
852379
852396
852536
852824
852874
853040
853084
853332
853376
853406
853452
853550
853568
853670
853690
853908
854024
854030
854194
854242
854304
854432
854438
854486
854510
854600
854792
854892
854906
854936
855128
855146
855222
855706
855800
855898
855968
855972
856042
856136
856157
856186
856234
856310
856358
856361
856812
856826
856934
856939
856954
857026
857140
857170
857194
857388
857390
857408
857648
857914
858248
858488
858516
858562
858566
858584
858642
858866
858874
858902
859088
859202
859280
859358
859496
859771
859808
860118
860198
860240
860288
860343
860456
860486
860522
860724
860736
860744
860962
860984
861012
861028
861104
861322
861468
861512
861588
861696
861826
861866
861902
862040
862808
862913
862980
863122
863144
863190
863312
863369
863432
863530
863556
863572
863611
863720
863731
863866
863918
863938
864032
864062
864104
864122
864320
864379
864396
864410
864552
864584
864872
865040
865336
865400
865616
865644
865714
865928
865930
865954
866144
866184
866274
866384
866456
866506
866576
866722
866774
866846
866866
866936
867008
867130
867296
867346
867470
867473
867536
867538
867680
867833
867968
867977
868092
868208
868470
868566
868570
868896
868954
869024
869124
869216
869408
869412
869864
869916
869962
870152
870182
870348
870466
870630
870746
870800
870952
870992
870994
871182
871188
871265
871448
871520
871526
871540
871616
871649
871736
871946
871987
872000
872172
872240
872266
872432
872622
872744
872792
872894
872918
872960
872986
873154
873186
873298
873320
873416
873590
873705
873848
873907
874016
874356
874544
874704
874730
874808
874819
875144
875242
875322
875646
875688
875696
875744
876056
876211
876374
876398
876446
876560
876562
876636
876872
876972
877046
877070
877088
877230
877232
877352
877448
877608
877616
877784
877968
878024
878102
878112
878114
878192
878290
878408
878554
878624
878822
878836
878888
878995
879032
879104
879230
879252
879302
879392
879468
879632
879800
879820
879828
879996
880138
880304
880358
880496
880616
880622
880760
881216
881360
881424
881432
881450
881672
881678
881688
881864
882056
882176
882392
882438
882626
882872
882968
883166
883184
883291
883488
883496
883976
884072
884144
884244
884360
884362
884388
884875
884954
884960
885240
885248
885392
885538
885612
885872
886202
886282
886640
886736
886808
886852
886908
887234
887414
887552
887768
887772
887840
887865
887984
888080
888224
888366
888614
888800
888896
888926
888929
888972
889040
889092
889370
889548
889603
889736
889841
889856
890000
890025
890336
890408
890676
890744
890816
890858
890912
891104
891156
891290
891420
891560
891660
891776
891806
891824
891876
891996
892064
892243
892252
892256
892306
892400
892409
893436
893537
893726
893744
893772
893860
894228
894278
894318
894412
894442
894456
894608
894624
894686
894776
894809
894852
894924
894968
895136
895208
895234
895433
895644
895740
895954
895961
895976
895978
896170
896218
896294
896328
896552
896750
896772
896870
897002
897104
897444
897538
897612
897776
897780
897840
897872
897994
898186
898320
898328
898520
898640
898668
898671
898736
898928
898930
898978
899026
899144
899177
899234
899334
899480
899604
899650
899866
899890
899988
900008
900144
900156
900176
900344
900528
900534
900560
900794
900848
901136
901254
901352
901398
901424
901464
901522
901548
901616
901646
901856
902264
902410
902508
902652
902768
902988
903246
903268
903272
903344
903490
903612
903656
903734
903756
903785
903924
903968
904066
904184
904424
904448
904450
904454
904544
904736
904812
904904
904906
904930
904954
905002
905024
905168
905268
905340
905390
905456
905624
905800
905912
906024
906033
906041
906180
906248
906300
906464
906480
906536
906728
906778
906802
906822
907062
907250
907258
907592
907616
907649
907690
907784
907814
907958
908072
908304
908442
908537
908816
909065
909128
909368
909562
909680
909752
909796
909896
909979
910020
910166
910352
910470
910496
910560
910640
910718
910880
911024
911288
911290
911347
911362
911384
911410
911480
911792
911803
911940
912126
912134
912300
912320
912410
912464
912532
912660
912857
912938
912948
912990
912992
913114
913228
913376
913466
913474
913502
913616
913688
913747
913896
913978
914004
914240
914408
914454
914532
914630
914840
914988
915065
915084
915272
915464
915528
915656
915948
916016
916070
916160
916284
916618
916636
916642
916704
916738
916817
916832
916952
917160
917240
917439
917508
917510
917576
917640
917816
917952
917960
917990
918038
918084
918216
918512
918540
918608
918776
919116
919328
919616
919690
919882
919896
919952
920216
920270
920318
920390
920432
920462
920544
920554
920672
920678
920888
920952
921032
921139
921200
921202
921218
921226
921475
921488
921514
921540
921632
921682
921881
921900
921996
922064
922224
922356
922675
922688
922860
923155
923240
923558
923696
923840
923936
923962
923971
924120
924320
924388
924396
924512
924584
924588
924752
924876
925020
925256
925322
925362
925488
925577
925594
925760
925908
926006
926122
926360
926462
926496
926528
926624
926718
926755
926840
926938
927008
927012
927124
927180
927298
927682
927946
928160
928474
928568
928572
928601
928764
929024
929070
929168
929246
929312
929628
929798
929990
930062
930128
930512
930828
930848
930944
931232
931306
931387
931496
931502
931546
931550
931574
931592
931712
931980
932079
932083
932114
932124
932294
932312
932486
932534
932578
932602
932722
932936
932990
933082
933300
933344
933578
933680
933872
933905
934112
934394
934620
934978
935198
935312
935332
935731
935768
935838
935916
936128
936144
936272
936288
936422
936456
936624
936758
936792
936802
936922
936960
937003
937152
937230
937344
937376
937406
937410
937450
937512
937524
937538
937642
937704
937736
937766
937884
937944
937952
937974
938064
938168
938174
938328
938364
938414
938496
938606
938640
938702
938736
938744
938874
938904
939036
939080
939096
939126
939210
939264
939370
939432
939440
939624
939634
939656
939728
939768
939806
939936
940104
940258
940296
940306
940424
940512
940546
940570
940592
940722
940856
941055
941336
941526
941576
941604
941611
941678
941816
942032
942200
942202
942211
942272
942364
942427
942464
942608
942682
942806
942826
942848
942900
943042
943137
943154
943171
943402
943472
943570
943662
943694
943784
943906
943956
944076
944120
944170
944177
944192
944266
944384
944864
944872
944940
944982
945032
945176
945254
945416
945756
946016
946236
946352
946385
946520
946736
946952
947020
947096
947288
947360
947528
947657
947768
947884
947964
947986
947990
948152
948556
948560
948654
948732
948800
948948
949016
949114
949472
949618
949716
950048
950240
950354
950438
950478
950486
950515
950842
950874
951139
951250
951274
951466
951752
951762
952088
952154
952232
952308
952354
952626
952806
952913
952980
953002
953266
953482
953611
953624
953626
953650
953746
954012
954130
954226
954298
954322
954444
954638
954658
954682
954706
954892
954948
954986
955228
955598
955644
955690
955882
956044
956414
956436
956506
956892
956918
957396
957418
957758
957804
958018
958142
958267
958282
958289
958498
958714
958838
958865
958908
959102
959458
959460
959772
959803
959870
960064
960110
960130
960158
960304
960400
960688
960782
960880
961044
961075
961288
961576
961930
962011
962201
962314
962392
962632
962824
962971
963082
963496
963590
963610
963760
963852
963898
963928
964144
964282
964288
964528
964572
964835
964883
965125
965460
965941
965987
966108
966179
966444
966539
967021
967091
967235
967405
967500
968579
968892
969084
969322
969571
