13023
105
224
345
440
584
1089
1152
1208
1329
1400
1568
1905
1920
2096
2288
2361
2673
2696
3495
3825
3849
4377
4424
5000
5079
5266
5456
5529
5624
5792
5872
6014
6128
6160
6230
6394
6496
6664
6874
6998
7186
7358
7402
7576
7640
7720
7864
7906
8368
8462
8552
8584
8776
8792
8842
9014
9017
9160
9520
10090
10208
10216
10354
10594
10832
10880
10888
11054
11192
11248
11414
11416
11750
11801
12152
12398
12536
12576
12595
12610
12632
12800
12929
13064
13200
13234
13424
13522
13544
13728
13738
13808
13880
14194
14360
14582
14726
14770
14990
15152
15418
15728
15811
15840
15848
15944
16146
16243
16256
16352
16496
16784
16888
16904
17016
17144
17458
17462
17486
17552
17558
17722
17868
17978
18038
18152
18278
18322
18346
18390
18392
18518
18562
18571
18636
18752
18785
18920
18938
18948
19066
19088
19090
19310
19354
19402
19450
19498
19690
19692
19712
19762
19769
19872
19874
19902
19976
20102
20264
20282
20310
20318
20336
20354
20386
20458
20496
20705
20714
20720
20736
20746
20842
20904
20916
20995
21026
21056
21115
21180
21200
21211
21290
21298
21372
21394
21418
21442
21660
21800
21818
21950
21994
22040
22046
22116
22138
22224
22234
22302
22332
22466
22644
22664
22784
22970
22998
23026
23106
23216
23294
23362
23484
23515
23700
23849
23988
24034
24084
24392
24444
24470
24518
24538
24560
24660
24705
24709
24728
24780
24784
24920
25068
25208
25282
25448
25476
25688
25856
25956
26064
26144
26196
26323
26432
26462
26510
26604
26750
26796
26964
27156
27272
27396
27422
27536
27584
27636
27776
27800
27948
28020
28064
28190
28215
28236
28280
28430
28448
28500
28601
28760
28762
28812
28854
29122
29148
29360
29389
29412
29504
29510
29513
29532
29736
29798
29851
30032
30224
30300
30320
30392
30538
30540
30898
30946
30992
30994
31184
31212
31352
31457
31476
31520
31646
31712
31928
31954
32144
32238
32271
32288
32338
32384
32510
32552
32631
32698
32942
32964
33082
33090
33252
33272
33368
33470
33660
33739
33778
33780
33848
33850
34068
34142
34193
34212
34404
34529
34544
34695
34746
34780
34882
34898
34972
35083
35164
35192
35198
35312
35332
35462
35500
35554
35563
35580
35626
35716
35808
35956
36148
36316
36344
36532
36540
36634
36666
36704
36724
36892
37060
37062
37064
37138
37228
37368
37376
37406
37452
37492
37496
37502
37546
37568
37620
37660
37692
37712
37972
38024
38068
38124
38155
38284
38364
38404
38408
38450
38460
38504
38602
38668
38698
38766
38774
38792
38822
38870
38884
39004
39017
39104
39196
39226
39288
39412
39442
39464
39540
39652
39682
39804
39844
39968
39998
40032
40108
40238
40310
40322
40328
40354
40372
40514
40568
40638
40980
40998
41024
41054
41115
41272
41342
41360
41390
41592
41606
41624
41768
41820
41988
42080
42178
42756
42776
42874
43136
43162
43166
43232
43256
43284
43339
43496
43546
43570
43584
43904
43920
43978
44100
44198
44552
44626
44844
44932
44962
45008
45126
45134
45224
45322
45442
45464
45702
45746
45960
46040
46160
46409
46520
46526
46574
46666
46694
46802
46856
46954
47078
47146
47216
47554
47576
47690
47912
47984
48058
48062
48254
48272
48368
48560
48562
48660
48776
48792
49064
49212
49313
49328
49382
49616
49841
50000
50028
50120
50464
50504
50592
50672
50698
50866
50882
50890
51084
51200
51324
51776
51944
51946
51970
52184
52212
52304
52424
52592
52636
52723
53002
53048
53050
53126
53186
53201
53244
53504
53513
53550
53844
53896
53988
54152
54158
54178
54185
54296
54304
54312
54348
54368
54418
54542
54604
54848
55112
55400
55568
55682
55688
56102
56840
56851
57122
57156
57372
57466
57475
57608
57756
57776
58190
58195
58208
58210
58250
58400
58496
58568
58592
58598
58673
58736
58824
58832
58858
58980
59026
59078
59290
59316
59506
59798
59888
60006
60056
60086
60154
60248
60614
60632
60780
60848
60970
60986
61022
61094
61242
61520
61594
61596
61664
61788
61906
62054
62118
62288
62290
62312
62376
62441
63086
63154
63274
63512
63536
63634
63758
63816
63876
63944
64136
64152
64186
64280
64402
64424
64522
64841
64952
64982
65098
65292
65496
65500
65600
65744
65792
65822
65858
65984
66034
66113
66216
66320
66590
67160
67217
67428
67448
67505
67596
67640
67736
67782
67819
67908
67968
68000
68168
68432
68522
68672
68674
68744
68798
68864
68892
68920
69110
69152
69272
69342
69368
69492
69538
69545
69680
69715
69746
69848
70016
70328
70544
70760
70788
71056
71098
71310
71358
71432
71600
71816
71890
71988
72032
72104
72176
72192
72366
72562
72586
72728
72739
72872
72883
72924
72992
73160
73232
73332
73616
73642
73690
74000
74076
74264
74268
74314
74369
74436
74489
74530
74600
74628
74769
75056
75264
75350
75451
75534
75608
75686
75698
75848
76056
76064
76144
76296
76520
76546
76570
76594
76618
76658
76712
76742
76836
76928
77168
77196
77216
77336
77696
77825
77851
77888
78114
78130
78230
78528
78536
78565
78752
78896
78905
78924
78998
79064
79291
79500
79507
79616
79668
79839
79880
80000
80100
80142
80266
80576
80720
80810
80888
81018
81126
81182
81384
81392
81438
81474
81800
81852
81855
82064
82094
82160
82171
82256
82313
82344
82352
82472
82538
82819
82836
83000
83120
83208
83240
83264
83408
83672
83810
83890
83894
83912
84206
84254
84296
84322
84464
84540
84656
84728
84924
84992
85017
85082
85166
85328
85426
85496
85651
85736
85740
85930
86098
86168
86240
86358
86366
86384
86504
86600
86664
86840
86842
86870
86947
87010
87440
87466
87492
87636
88068
88110
88256
88520
88560
88684
88692
88784
88952
88974
89150
89192
89194
89280
89323
89360
89532
89722
89792
89858
89894
89914
90008
90016
90086
90364
90728
90756
90758
90763
90782
91132
91212
91424
91428
91568
91668
91904
91910
91934
91954
92120
92288
92310
92360
92624
92696
92840
92943
93032
93104
93130
93257
93584
93804
93824
93992
93998
94065
94136
94208
94404
94476
94769
94826
94832
95048
95078
95168
95242
95290
95480
95648
95659
95720
95750
95945
96464
96512
96632
96636
96920
97138
97284
97370
97426
97452
97640
97832
97836
98000
98076
98174
98192
98362
98528
98672
98774
98984
99080
99320
99353
99468
99475
99490
99610
99780
99972
100016
100328
100464
100688
100704
100760
100952
101196
101216
101270
101384
101552
101568
101840
101886
101897
101982
102006
102244
102344
102582
102615
102636
102768
102857
102979
103064
103084
103250
103290
103520
103664
103712
103742
103764
103956
104059
104520
104528
104696
104840
104866
104936
105176
105296
105442
105632
105684
105761
105853
105876
105936
105970
106046
106094
106310
106330
106424
106577
106718
106904
106934
106982
107288
107537
107674
107888
107920
108080
108106
108296
108475
108564
108648
108851
108872
108903
108946
109040
109042
109056
109110
109112
109248
109428
109448
109544
109596
109632
109664
109712
109812
110048
110054
110368
110388
110408
110576
110720
110816
110825
110868
111104
111185
111248
111686
111706
111800
111970
112014
112136
112142
112236
112490
112640
112834
112904
113048
113264
113480
113537
113548
113672
113912
114056
114108
114200
114458
114480
114656
114705
114824
114944
114979
115046
115094
115116
115280
115400
115544
115584
115601
115830
115880
115980
116192
116292
116388
116408
116428
116544
116552
116744
116936
116984
117074
117170
117222
117468
117473
117680
117806
117944
118166
118208
118282
118304
118670
118736
118780
118808
119144
119174
119216
119360
119456
119498
119506
119672
119698
119746
119768
119892
119912
120008
120326
120331
120344
120350
120492
120496
120536
120704
120876
121058
121112
121260
121280
121298
121304
121544
121546
121574
121640
121716
121738
121830
121862
121952
121982
122004
122194
122390
122424
122461
122576
122580
122670
122672
122760
122768
122814
122875
122936
123130
123320
123336
123464
123528
123704
123730
123816
124088
124090
124104
124114
124315
124328
124332
124424
124472
124752
124766
124910
124982
125288
125292
125308
125408
125604
125648
125724
125744
125760
125792
125964
126008
126152
126250
126392
126610
126634
126846
126848
127064
127328
127452
127531
127632
127754
127762
127784
128028
128172
128408
128600
128868
128986
129130
129233
129296
129300
129305
129318
129449
129536
129619
129824
129833
130520
130572
130664
130764
130858
130884
131024
131192
131332
131438
131480
131508
131672
131674
131777
131904
131942
131984
132128
132202
132296
132298
132322
132396
132638
132792
132946
132972
133074
133099
133160
133186
133330
133352
133668
133762
133922
134144
134172
134288
134460
134480
134530
134648
134654
134731
134744
134816
134838
135032
135226
135230
135368
135614
135722
135734
135794
135848
135864
135922
135996
136056
136330
136338
136454
136496
136498
136546
136568
136732
136764
136808
136858
136882
136884
136928
137002
137024
137268
137288
137432
137436
137572
137624
138056
138120
138154
138278
138392
138588
138608
138896
138948
138984
139138
139304
139378
139738
139740
139958
139976
140196
140321
140328
140336
140672
140683
140840
140904
140960
140966
141152
141226
141350
141392
141641
141794
141828
141892
141896
141922
142046
142260
142328
142454
142520
142531
142550
142618
142760
142784
142896
143188
143198
143201
143220
143352
143408
143534
143653
143840
144182
144466
144490
144680
145051
145138
145234
145282
145296
145426
145524
145553
145644
145712
145902
145954
146024
146096
146122
146256
146312
146424
146528
146626
146938
146954
146962
147182
147250
147298
147320
147324
147514
147538
147640
147778
148040
148092
148160
148326
148402
148446
148740
148742
148782
148808
149000
149078
149096
149126
149606
149674
149683
149792
149849
150008
150113
150296
150375
150464
150530
150536
150654
150715
150931
150968
150970
151138
151160
151502
151616
151622
151632
151723
151832
152004
152098
152256
152264
152408
152694
152768
152960
153206
153224
153396
153538
153619
153632
153857
153896
154064
154080
154160
154352
154474
154550
154882
154937
155150
155174
155177
155294
155312
155480
155578
155648
155714
155744
155755
156115
156224
156318
156394
156560
156610
156660
156778
156826
156874
156944
156970
157042
157046
157090
157214
157400
157568
157714
157738
157762
157928
158006
158368
158688
158768
158960
159041
159158
159296
159374
159538
159564
159728
159776
159786
160016
160027
160112
160138
160256
160470
160496
160856
160906
160976
161048
161144
161256
161504
161626
162032
162152
162180
162226
162630
162700
162878
162898
162944
163038
163080
163136
163240
163310
163328
163672
163760
163880
164090
164100
164336
164362
164528
164554
164678
164696
164726
164792
164818
165226
165394
165464
165560
165562
165576
165872
166073
166298
166306
166313
166328
166640
166732
166817
166826
166880
166976
167144
167360
167412
167600
167604
167864
168008
168146
168298
168322
168802
169512
169542
169586
169603
169736
169769
169832
169980
170076
170102
170107
170216
170268
170384
170443
170528
170624
170748
171034
171041
171082
171224
171296
171368
171518
171566
171608
171744
171800
172022
172040
172352
172450
172520
172664
172832
172922
172976
172982
173092
173323
173360
173552
173744
173772
173864
173938
174111
174128
174464
174776
174896
174964
174994
175014
175080
175568
175584
175760
175881
175928
175954
176216
176288
176360
176456
176558
176561
176587
176630
176640
176696
176738
176746
176838
177056
177296
177418
177440
177466
177590
177610
177632
177804
177968
178066
178232
178267
178330
178496
178688
178802
178817
178952
179024
179138
179196
179216
179251
179384
179508
179618
179676
179984
180154
180211
180296
180377
180456
180464
180608
180636
180728
180737
180800
180806
180826
180896
181016
181448
181760
181836
182048
182256
182312
182410
182484
182618
182626
182912
183038
183082
183108
183110
183206
183272
183283
183440
183566
183682
183948
184136
184156
184284
184452
184516
184568
184808
184954
185412
185414
185508
185630
185657
185792
185984
186083
186254
186320
186440
186538
186586
186704
186802
186992
187160
187256
187284
187370
187568
187640
187784
187898
187906
187928
188168
188220
188395
188408
188530
188864
188897
188956
189350
189372
189398
189418
189444
189446
189562
189594
189758
189776
189806
190016
190304
190334
190400
190416
190470
190502
190520
190562
190620
190766
190890
191076
191096
191150
191242
191338
191504
191630
191683
191766
191786
192176
192240
192296
192758
192760
192800
192992
193020
193082
193136
193188
193256
193352
193544
193616
193642
194214
194288
194321
194456
194576
195298
195368
195518
195564
195945
196020
196088
196184
196217
196296
196308
196328
196472
196498
196736
196856
196898
196906
196913
197028
197033
197264
197290
197386
197412
197530
197552
197698
197764
197960
198082
198300
198305
198488
198656
198722
198756
198852
199267
199334
199376
199642
199646
199788
199800
199808
200040
200552
200606
200646
200748
200794
200958
200990
201074
201248
201250
201288
201392
201449
201678
201994
202008
202236
202306
202330
202490
202520
202546
202550
202553
202712
202910
202920
203030
203096
203240
203280
203292
203308
203386
203544
203610
203650
203664
203724
203947
203984
204106
204132
204158
204368
204396
204512
204656
204684
204763
204780
204920
205208
205424
205578
205616
205714
205716
205810
206081
206105
206192
206480
206753
206796
206822
206958
207342
207350
207420
207536
207704
207924
207964
208112
208123
208352
208522
208544
208784
208832
208882
208952
209079
209201
209216
209310
209360
209480
209489
209873
209938
210062
210224
210351
210366
210446
210494
210736
210752
210892
210896
211136
211147
211208
211248
211252
211466
211483
211520
211610
211694
211795
211904
212072
212482
212750
212810
212816
213028
213080
213122
213152
213230
213325
213416
213686
213848
213944
214084
214158
214160
214328
214370
214574
214664
214860
214904
215342
215408
215650
215738
215816
215834
215912
216060
216080
216408
216416
216512
216584
216752
216968
216977
217260
217426
217712
217994
218009
218072
218138
218179
218240
218314
218336
218467
218504
218652
218894
218904
219038
219048
219060
219065
219224
219442
219566
219626
219632
219762
219938
220138
220162
220224
220352
220372
220380
220394
220622
220786
220810
221192
221600
221984
222228
222272
222288
222344
222464
222802
222901
222920
223291
223406
223640
223742
223760
223764
223812
223832
223976
223982
224059
224126
224194
224216
224432
224552
224792
225176
225233
225372
225488
225710
225800
225922
226064
226075
226232
226282
226322
226500
226546
226568
226814
226832
226937
227024
227059
227064
227072
227170
227336
227408
227443
227480
227672
228200
228300
228342
228518
228632
228720
228722
228828
228832
228874
229056
229094
229112
229304
229372
229377
229380
229416
229476
229664
229808
229858
229970
230024
230244
230256
230264
230296
230338
230362
230482
230486
230490
230570
230600
230817
230866
230984
231152
231296
231440
231470
231514
231560
231612
231752
231850
231864
231896
232112
232400
232568
232760
232780
232784
232978
233240
233484
233489
233604
233646
233696
233820
233866
233936
234196
234205
234224
234235
234424
234704
234824
234902
235116
235136
235186
235272
235380
235400
235422
235520
235524
235690
235714
235928
236096
236264
236290
236337
236432
236491
236506
236532
236548
236628
236630
236657
236816
236916
236932
237008
237036
237344
237392
237566
237612
237704
237800
237878
237896
237992
238003
238066
238075
238334
238352
238472
238526
238688
238795
238810
238904
239072
239088
239216
239412
239432
239438
239508
239537
239672
239740
239748
239866
239912
239976
240200
240490
240568
240732
240924
241094
241142
241256
241402
241424
241592
241704
241712
241740
241784
242384
242624
242676
242970
243174
243248
243256
243416
243632
243641
243654
243770
243896
243979
244112
244184
244232
244394
244428
244570
244784
245002
245216
245244
245260
245680
245696
245698
246010
246106
246185
246580
246656
246848
246948
246994
247272
247304
247310
247334
247642
247728
247766
247790
247814
247832
247906
248150
248174
248218
248294
248412
248504
248621
248864
248906
248960
249080
249161
249176
249368
249608
249728
249802
249926
249930
249938
250040
250252
250286
250376
250402
250406
250420
250568
250623
250980
250982
250985
251017
251120
251177
251216
251282
251400
251892
251906
251912
251938
252002
252348
252355
252390
252416
252499
252540
252691
252728
252758
252896
253291
253332
253808
253824
253850
253904
254024
254220
254386
254478
254624
254646
254652
254768
254912
255176
255780
255800
256092
256099
256112
256178
256232
256474
256500
256555
256760
256810
256928
257096
257284
257314
257386
257510
257592
257602
257770
257976
257984
258132
258146
258422
258586
258594
258680
258920
259003
259208
259304
259598
259646
259694
259843
259946
259992
259998
260000
260052
260114
260250
260271
260364
260432
260448
260528
260648
260870
261010
261176
261204
261222
261608
261684
261848
262016
262256
262289
262478
262526
262590
262736
262784
262882
262954
263238
263456
263648
263678
263705
263801
263984
264368
264462
264560
264590
264734
264752
264778
265040
265093
265400
265520
265618
265690
265928
266192
266268
266360
266528
266666
266696
266726
266832
266962
267082
267104
267130
267344
267392
267418
267466
267590
267752
267780
268060
268166
268272
268278
268328
268472
268538
268747
268776
268808
268913
268928
268972
268978
269011
269081
269148
269190
269216
269408
269724
269740
269870
269890
269936
270034
270056
270152
270372
270464
270576
270608
270730
270848
270938
270992
271090
271328
271496
271526
271548
271570
271704
271856
271908
271958
271976
271982
272096
272486
272515
272528
272678
272720
272744
272794
272992
273152
273272
273322
273464
273610
273632
273658
273680
273824
273879
274018
274142
274164
274184
274392
274400
274596
274712
274970
274982
275072
275198
275216
275294
275460
275726
275752
275840
275930
275984
276028
276113
276296
276442
276566
276576
276608
276704
276732
276800
276832
276926
276944
277315
277524
277598
277712
277740
277836
277928
278120
278262
278288
278490
278498
278692
278803
278816
278984
279062
279082
279104
279110
279324
279560
279752
279787
279936
279968
280040
280140
280208
280241
280280
280358
280472
280686
280764
280771
280952
281026
281122
281160
281170
281294
281362
281480
281672
281694
281772
281832
281912
282100
282106
282115
282355
282440
282828
282848
283040
283066
283104
283162
283334
283502
283594
283688
283836
283904
284270
284312
284480
284506
284672
284816
284938
285008
285060
285102
285200
285350
285418
285464
285732
285752
286064
286232
286262
286507
286592
286808
286824
286882
287000
287018
287270
287648
287772
287962
287993
288152
288252
288264
288272
288602
288665
288720
288737
288994
289020
289147
289280
289352
289472
289640
289662
289814
289856
289976
290098
290100
290122
290162
290170
290314
290504
290552
290654
290696
290774
290840
290940
291056
291132
291250
291536
292065
292304
292434
292500
292544
292576
292592
292642
292908
293007
293048
293148
293318
293342
293460
293552
294008
294100
294176
294296
294396
294458
294682
294818
295184
295200
295428
295518
295596
295646
295976
296090
296188
296220
296264
296432
296482
296576
296792
296872
297156
297276
297346
297368
297418
297689
297824
297872
297924
298064
298070
298094
298208
298263
298376
298402
298538
298688
298867
298906
298930
299074
299323
299648
299868
300086
300248
300586
300659
300874
301088
301226
301378
301400
301452
301465
301574
301644
301808
301904
301905
302040
302504
302594
302602
302604
302673
302736
302772
302794
302936
303209
303248
303344
303488
303728
303761
303848
303944
303950
304040
304056
304372
304378
304385
304400
304404
304514
304598
304808
304834
304932
305072
305504
305792
305868
305888
306156
306226
306274
306418
306542
306632
306702
306800
306830
306874
306878
306972
306994
307424
307430
307457
307592
307692
307784
307974
308072
308098
308784
308912
309128
309139
309296
309410
309464
309480
309512
309626
309680
309704
309852
309872
310056
310070
310184
310280
310358
310394
310450
310496
310955
311172
311264
311280
311544
311576
311705
311744
311840
311988
311992
312008
312032
312106
312632
312672
312728
312785
312978
313118
313136
313166
313184
313328
313400
313404
313574
313747
313926
314052
314168
314246
314360
314580
314678
314702
314788
314960
315132
315228
315800
316064
316075
316090
316358
316433
316450
316494
316544
316666
316680
316688
316690
316738
316758
316810
316862
316906
316996
317004
317096
317192
317268
317289
317297
317388
317408
317552
317736
317818
317914
318200
318228
318307
318368
318488
318506
318516
318590
318734
318968
319040
319112
319394
319448
319584
319640
319738
319804
319856
319865
319928
319978
320022
320026
320128
320136
320273
320340
320352
320358
320366
320432
320450
320600
320864
320880
320914
320960
320962
321038
321056
321152
321156
321224
321398
321444
321610
321854
321864
321872
321979
321998
322208
322286
322313
322492
322692
322758
322808
322824
323168
323194
323196
323242
323264
323312
323395
323460
323534
323650
323712
323738
323770
323794
323818
323913
324080
324174
324458
324542
324641
324672
324704
324996
325064
325099
325184
325192
325358
325426
325433
325474
325496
325616
325752
325932
325976
326198
326216
326222
326419
326696
326700
327096
327250
327374
327566
327584
327680
328090
328094
328328
328358
328382
328450
328458
328464
328498
328520
328572
328841
328862
328876
328886
329000
329092
329148
329168
329426
329600
329730
329768
329846
329912
330036
330254
330296
330680
330828
330888
330920
331016
331256
331622
331664
331732
331764
331832
332074
332160
332172
332192
332338
332358
332360
332364
332528
332744
332748
332912
333017
333080
333254
333264
333276
333296
333302
333374
333416
333462
333686
333776
333948
334114
334304
334306
334474
334500
334520
334598
334760
334880
335100
335408
335556
335576
335624
335698
335784
335826
335866
335986
336200
336374
336392
336396
336412
336422
336560
336632
336800
337034
337088
337123
337282
337400
337594
337656
337836
337880
337910
338107
338268
338336
338408
338443
338528
338558
338816
338866
338914
339032
339192
339386
339536
339704
339920
339922
339994
340210
340592
340634
340680
340688
340836
340862
340980
340992
341126
341129
341408
341424
341456
341552
341814
342086
342240
342368
342414
342512
342586
342610
342868
342970
342994
343018
343112
343536
343570
343723
343948
344120
344264
344336
344456
344530
344582
344746
345180
345206
345233
345248
345540
345576
345584
345595
345944
345960
346114
346448
346542
346745
346880
347076
347144
347220
347312
347408
347467
347482
347731
347818
347866
348128
348547
348944
349040
349138
349352
349386
349538
349788
349832
349848
350072
350120
350148
350249
350750
350840
350938
351032
351036
351488
351728
351811
351920
351946
352448
352452
352478
353120
353194
353240
353360
353439
353484
353504
353642
353648
353964
354486
354488
354536
354614
354708
354744
354900
354968
355106
355166
355430
355550
355904
356174
356177
356192
356222
356294
356342
356652
356668
356750
356832
356864
356930
357034
357042
357178
357200
357324
357416
357538
357554
357608
357648
357737
357752
357859
357896
358056
358193
358284
358382
358442
358448
358512
358758
358784
358860
358994
359196
359227
359336
359393
359504
359604
359654
359764
359840
359890
359938
360030
360224
360254
360274
360402
360512
360562
360588
360778
360840
361184
361195
361212
361215
361256
361400
361426
361474
361568
361598
361736
361740
361756
361905
362024
362120
362216
362232
362352
362510
362582
362600
362650
362700
362942
363080
363608
364108
364164
364216
364232
364234
364526
364760
364976
365044
365072
365273
365472
365514
365592
365624
365818
365842
365894
365918
366036
366080
366152
366298
366302
366368
366377
366523
366560
366593
366730
366756
367217
367232
367400
367494
367544
368168
368251
368506
368524
368576
368580
368696
368827
368844
368984
369024
369320
369512
369523
369642
369728
369758
369852
369888
369974
370016
370022
370066
370219
370352
370380
370594
370646
370856
371070
371144
371155
371265
371482
371648
371840
371851
371888
371942
372078
372146
372154
372252
372512
372542
372608
372686
372778
372876
373118
373184
373298
373328
373354
373745
373760
373810
373908
373934
374000
374162
374408
374414
374441
374820
374888
375090
375146
375200
375562
375930
375951
376070
376208
376286
376289
376392
376574
376784
376950
377030
377050
377052
377234
377240
377299
377362
377384
377582
377630
377648
377808
378032
378106
378344
378440
378451
378578
378660
378800
378872
378896
379010
379016
379160
379169
379200
379310
379428
379526
379601
379721
379740
379852
379978
380026
380144
380216
380390
380484
380507
380646
380725
380770
380844
380966
381032
381065
381348
381392
381470
381512
381518
381566
381944
382188
382544
382584
382664
382932
383024
383026
383136
383150
383240
383242
383408
383480
383553
383801
384080
384088
384248
384276
384370
384440
384542
384720
384728
385064
385099
385180
385236
385488
385640
385736
385766
385858
386072
386218
386310
386346
386504
386606
386723
386740
386866
387224
387660
387678
387728
387872
387922
388022
388040
388156
388164
388215
388304
388448
388522
388603
388692
388714
388742
388856
389192
389360
389364
389606
389816
389869
389936
389940
390432
390468
390512
390514
390632
390726
390874
391064
391070
391234
391328
391400
391568
391632
391730
391882
392024
392102
392384
392552
392624
392674
392696
392860
392888
392916
393128
393512
393528
393560
393632
393734
393828
393872
393914
394097
394572
394682
395022
395024
395168
395203
395266
395460
395600
395720
395986
396008
396344
397154
397184
397328
397454
397620
397862
397928
398076
398098
398120
398179
398384
398410
398609
398700
398706
398816
398916
399019
399138
399225
399252
399254
399342
399392
399470
399475
399560
399617
399660
399702
399822
399864
399898
399938
400068
400184
400289
400694
400832
400880
400978
401072
401102
401256
401532
401552
401657
401674
401792
401798
401808
401888
402080
402302
402386
402470
402518
402586
402614
402948
402988
403016
403140
403214
403217
403426
403433
403616
403736
403812
403904
404264
404574
404720
405224
405250
405392
405488
405547
405552
405584
405610
405809
406016
406195
406210
406236
406320
406376
406616
406668
406682
406688
406939
407004
407288
407546
407576
407705
407724
407792
407960
408038
408115
408196
408224
408235
408248
408322
408466
408584
408713
408752
408852
409094
409200
409238
409376
409406
409478
409786
409854
409862
409910
409920
409952
409956
409970
410146
410168
410172
410336
410412
410432
410530
410731
410744
410748
410899
411076
411080
411178
411272
411298
411608
411650
411665
411778
411824
411970
411992
412160
412168
412186
412376
412428
412472
412586
412716
412784
412814
412898
412908
413072
413121
413236
413262
413268
413270
413432
413672
413928
413943
413984
414148
414230
414278
414324
414360
414396
414494
414608
414636
414734
415047
415182
415232
415308
415426
415428
415448
415616
415742
415802
415832
416218
416288
416360
416532
416736
416740
417104
417133
417296
417442
417468
417536
417610
417746
418018
418208
418358
418433
418568
418584
418620
418642
418736
418838
419528
419630
419816
419906
420008
420056
420108
420218
420224
420320
420394
420680
420734
420758
420822
420830
421010
421022
421104
421160
421164
421328
421396
421402
421406
421498
421572
421622
421664
422028
422066
422122
422146
422312
422388
422720
422936
422986
423038
423048
423128
423158
423202
423224
423968
424014
424064
424185
424186
424256
424352
424394
424404
424435
424568
424603
424736
424762
424804
424884
425105
425240
425384
425456
425496
425552
425626
425635
425842
425850
425890
426014
426272
426322
426416
426494
426593
426824
426852
426996
427064
427376
427392
427448
427538
427740
427928
428096
428098
428166
428168
428778
428864
429084
429154
429176
429350
429398
429562
429752
429854
429912
429974
430088
430472
430577
430656
430712
430734
430808
430876
430908
431026
431203
431384
431598
431648
431676
432019
432058
432220
432224
432350
432442
432494
432518
432566
432608
432634
432641
432702
432756
432944
432960
433018
433022
433284
433526
433640
433692
433708
433760
433880
433904
433930
433944
434054
434412
434528
434530
434696
434768
434894
435010
435082
435368
435486
435578
435584
435608
435806
435824
435964
435970
436136
436328
436496
436608
436802
436976
437052
437170
437376
437384
437534
437720
437794
437960
438056
438514
438569
438584
438728
438926
439114
439140
439290
439406
439496
439620
439906
439934
440048
440081
440107
440122
440138
440262
440532
440836
440971
440988
441080
441084
441224
441254
441272
441281
441608
441638
441756
441802
441890
442022
442064
442160
442230
442267
442330
442402
442608
442616
442784
442800
443074
443264
443426
443432
443474
443491
443526
443600
443700
443784
443792
444372
444440
444494
444619
444656
444728
444732
444763
444920
444946
445016
445040
445042
445232
445236
445640
445644
445723
445814
445862
446360
446594
446718
446897
446960
447104
447154
447202
447298
447440
447682
447888
448090
448162
448166
448328
448358
448456
448494
448520
448588
448640
448932
449000
449024
449096
449124
449128
449264
449378
449386
449434
449746
449762
449798
449936
450176
450530
450638
450710
450732
450896
451064
451188
451210
451376
451380
451516
451551
451632
451762
451880
452088
452096
452100
452126
452266
452362
452410
452432
452652
452696
452792
453080
453224
453272
453346
453375
453394
453416
453514
453519
453632
453780
453850
453944
453974
454080
454112
454116
454210
454232
454424
454686
454694
454718
454856
455000
455336
455539
455544
455552
455576
455578
455604
455760
455840
456008
456492
456590
456632
456682
456708
456804
456806
457046
457086
457116
457190
457232
457372
457426
457452
457496
457498
457616
457712
457790
457808
457886
458006
458100
458102
458128
458144
458340
458486
458528
458816
458912
459032
459202
459272
459560
459728
460016
460256
460308
460339
460378
460448
460550
461048
461216
461268
461408
461600
461674
461768
461814
461964
462080
462200
462233
462276
462444
462484
462584
462632
462800
462811
462968
463003
463090
463138
463162
463164
463256
463339
463428
463459
463498
463579
463716
463976
464042
464096
464338
464537
464728
464744
464940
465182
465224
465226
465312
465348
465488
465604
465612
465638
465714
465736
465826
465848
466020
466027
466042
466064
466208
466392
466400
466500
466668
466690
466752
466784
466952
467000
467004
467216
467256
467288
467314
467390
467504
467572
467672
467688
467825
468032
468113
468176
468200
468218
468338
468586
468920
468955
468970
469230
469474
469498
469546
469564
469568
469886
470170
470532
470624
470652
470744
470786
470840
471041
471176
471200
471420
471560
471728
471896
471922
471992
472136
472186
472256
472472
472505
472596
472616
472740
472976
473054
473058
473196
473336
473515
473600
473603
473674
473768
473814
474134
474368
474512
474558
474750
474866
475260
475272
475378
475424
475666
475673
475716
475819
475880
475946
476024
476074
476240
476443
476456
476508
476630
476792
476890
477056
477182
477350
477440
477560
477656
477682
477824
477950
478066
478106
478332
478400
478616
478620
478627
478808
478860
478954
479028
479072
479234
479288
479528
479714
479744
479988
480014
480115
480560
480728
481374
481380
481496
481610
481795
481804
482016
482028
482096
482312
482340
482358
482362
482532
482648
482772
482832
482842
482914
483056
483224
483392
483488
483611
483811
483848
484022
484260
484406
484690
484784
484862
484904
485028
485140
485264
485626
485635
485664
485696
485746
486115
486128
486202
486224
486250
486346
486456
486496
486512
486800
486835
486922
486950
486964
487046
487112
487400
487448
487568
487880
487968
488046
488072
488174
488194
488360
488424
488436
488576
488604
488674
488744
488827
488882
489288
489418
489444
489682
489876
490228
490610
490616
490808
490884
491004
491240
491270
491408
491480
491482
491560
491604
491744
491786
491790
491808
491960
492200
492368
492494
492512
492720
493016
493112
493328
493526
493592
493644
493656
493856
494048
494150
494251
494288
494362
494600
494760
494768
494916
494923
494936
495154
495209
495320
495394
495395
495518
495698
495926
495970
496040
496548
496712
496808
497020
497028
497144
497360
497491
497648
497670
497796
497822
497864
498086
498204
498542
498566
498590
498728
498832
498848
498900
498902
498920
499116
499232
499260
499272
499282
499555
499666
499784
499790
499838
499880
500048
500124
500273
500330
500384
500424
500480
500532
500552
500558
500886
500892
500906
500936
501009
501152
501244
501274
501296
501298
501322
501368
501560
501776
501798
501806
502160
502448
502572
502610
502784
502880
503074
503412
503456
503528
503760
503796
503840
503918
503940
504038
504048
504108
504200
504420
504512
504704
504708
504724
504802
504804
504842
504970
504979
504992
505018
505164
505354
505394
505584
505616
505644
505784
505880
506028
506312
506550
506640
506705
506849
507010
507080
507154
507200
507278
507281
507448
507518
507566
507636
507809
507842
507852
507872
507950
507994
508008
508016
508114
508212
508376
508480
508640
508644
508656
508826
508934
509184
509266
509314
509438
509508
509550
509558
509680
509696
509724
509812
509844
509870
509918
509947
510032
510106
510154
510216
510324
510440
510464
510480
510560
510566
510792
510892
510926
510984
510992
511256
511306
511448
511688
511692
511778
511786
511952
512144
512436
512622
512682
512846
513058
513329
513344
513360
513451
513464
513512
513770
513828
513902
513907
513920
514040
514116
514296
514430
514840
514904
514910
514956
515242
515432
515530
515602
515696
515726
515842
515864
515906
515940
516050
516062
516066
516100
516224
516348
516758
516780
516900
516992
517256
517284
517328
517392
517400
517474
517524
517544
518024
518096
518198
518246
518426
518582
518648
518794
519276
519290
519298
519488
519632
519780
519800
519854
519857
519944
519994
520212
520234
520252
520330
520529
520640
520644
520666
520930
520976
521002
521292
521366
521456
521576
521582
521750
521798
521866
522058
522082
522226
522464
522521
522617
522737
522780
522800
522850
523112
523280
523363
523596
523664
523764
523824
523928
524004
524148
524242
524338
524386
524458
524498
524672
524793
524858
524888
525060
525152
525259
525344
525464
525632
525634
525660
525800
525832
525874
525918
525953
526066
526088
526310
526432
526472
526548
526592
526788
526808
527048
527184
527292
527432
527602
528134
528586
528667
528852
528880
529040
529114
529256
529265
529385
529450
529490
529529
529649
529664
529838
529891
530142
530168
530508
530530
530539
530755
530860
530890
530918
530936
531084
531438
531464
531508
531590
531706
531896
531974
532022
532278
532298
532408
532488
532553
532766
532771
532776
532784
532982
533120
533126
533384
533544
533674
533698
533746
533768
533808
533818
533888
534032
534072
534080
534218
534416
534536
534872
535112
535452
535472
535680
535690
535976
536408
536432
536496
536654
536840
537032
537104
537320
537366
537552
537680
538016
538136
538398
538440
538472
538760
538930
538932
538992
539053
539244
539441
539624
539654
539768
540036
540168
540185
540331
540494
540588
540894
540992
541066
541210
541282
541304
541306
541354
541718
541786
541982
542126
542166
542168
542174
542336
542360
542386
542388
542410
542530
542626
542696
542768
542798
542936
543104
543344
543377
543392
543434
543530
543593
543768
543776
543806
544056
544112
544162
544278
544424
544507
544618
544646
544946
545000
545083
545146
545356
545384
545504
545514
545616
545648
545888
545910
545960
546152
546154
546180
546974
547056
547088
547236
547430
547496
547572
547694
547764
547786
547790
547832
548000
548146
548388
548456
548624
548840
548856
548888
549056
549224
549346
549394
549420
549489
549680
549804
549898
549970
550162
550210
550378
550416
550694
550740
551024
551081
551292
551336
551352
551528
551532
551688
551742
551840
552008
552032
552038
552370
552390
552392
552418
552506
552595
552752
552898
552920
552946
552968
553166
553212
553444
553476
553522
553568
553732
553784
553860
554050
554174
554264
554336
554506
554532
554720
554820
555273
555306
555314
555466
555490
555571
555876
555944
556040
556112
556210
556232
556378
556476
556544
556546
556550
556766
556790
557053
557122
557243
557388
557609
557672
557840
557952
557984
558128
558182
558186
558296
558566
558868
558876
558942
559046
559058
559092
559190
559259
559280
559370
559400
559520
559584
559706
559771
559906
560048
560216
560256
560523
560530
560664
560748
560768
560842
560890
560938
561057
561322
561392
561523
561704
561708
561712
561772
562018
562022
562026
562090
562280
562332
562728
562736
562886
562938
563048
563076
563244
563321
563364
563408
563568
563600
563678
563700
563720
563796
563800
563842
563912
564062
564082
564106
564176
564200
564536
564648
564656
564667
564806
564920
564931
564946
564966
565040
565097
565146
565186
565352
565404
565860
565902
565952
566028
566072
566150
566198
566316
566384
566409
566460
566552
566628
566964
567104
567178
567235
567396
567464
567538
567608
567939
567992
568070
568160
568256
568286
568544
568616
568956
569072
569240
569460
569532
569600
569768
569798
569875
570086
570156
570158
570618
570824
570872
570950
571112
571162
571224
571448
571454
571502
571526
571550
571836
571854
572050
572074
572172
572288
572450
572504
572729
573008
573224
573610
573676
573900
574098
574256
574363
574596
574714
574788
575100
575194
575268
575339
575462
575504
575568
575624
575644
575792
575818
575842
575992
576008
576336
576414
576490
576848
577070
577099
577160
577206
577224
577358
577468
577620
577742
577786
577880
577882
578048
578121
578220
578304
578321
578578
578648
578652
578992
579176
579324
579368
579466
579473
579632
579758
579964
579968
579976
580082
580448
580459
580476
580592
580622
580754
580784
580804
580954
580956
580982
581088
581192
581282
581336
581459
581552
581561
581648
581744
581844
582034
582206
582254
582464
582608
582835
582944
582998
583152
583496
583622
583640
583760
584096
584101
584102
584258
584290
584312
584318
584369
584585
584808
584816
585032
585036
585078
585152
585468
585569
585654
585782
585804
586130
586176
586214
586234
586520
586769
586790
587048
587142
587288
587291
587434
587528
587712
587768
587956
588086
588172
588396
588464
588680
588802
588830
589170
589338
589454
589496
589526
589596
589712
589764
589938
590010
590118
590120
590232
590288
590330
590508
590546
590681
590744
590986
591104
591200
591416
591564
591680
591706
591728
591878
591898
592092
592160
592238
592308
592568
592904
592987
593360
593508
593550
593552
593560
593578
593798
593846
593914
594152
594248
594512
594560
594610
594634
594754
594776
594778
594826
594992
595015
595114
595142
595280
595332
595424
595536
595743
595810
595819
595832
596000
596192
596224
596290
596360
596465
596628
597010
597176
597288
597374
597416
597512
597584
597600
597710
597800
597806
598016
598044
598088
598138
598282
598354
598760
598880
598906
598923
598950
599144
599318
599336
599650
599659
599822
599922
600032
600248
600384
600492
600569
600658
600680
600809
600872
600898
601064
601184
601348
601452
601616
601877
601952
602050
602052
602144
602408
602460
602486
602606
602683
602744
602770
603019
603052
603150
603206
603209
603250
603320
603322
603370
603490
603492
603641
603881
604210
604448
604457
604824
604832
604841
604910
604956
604976
605462
605480
605696
605864
605873
605984
606104
606137
606272
606324
606340
606370
606408
606464
606490
606656
606728
607038
607090
607164
607232
607284
607400
607430
607596
607848
607904
608102
608196
608218
608280
608338
608342
608360
608508
608552
608616
608864
608866
609032
609041
609202
609224
609296
609326
609582
609588
609632
609658
609682
609754
609878
609929
609944
610008
610016
610066
610092
610208
610400
610544
610704
610712
610721
610880
611006
611066
611088
611436
611452
611520
611526
611552
611556
611720
611772
612060
612128
612296
612416
612804
612972
613154
613594
613596
613660
613832
614006
614076
614216
614246
614264
614332
614480
614720
614750
614856
615152
615154
615372
615536
615585
615728
615774
615785
615802
616112
616232
616248
616376
616502
616544
616646
616900
616906
617068
617072
617074
617338
617408
617532
617537
617723
617888
618014
618032
618050
618152
618296
618368
618464
618547
618636
618652
618744
618752
618810
619188
619260
619276
619376
619562
619675
619858
619878
619972
620026
620028
620196
620260
620268
620552
620864
621104
621132
621194
621200
621220
621264
621320
621432
621488
621602
621802
621824
622018
622448
622536
622546
622670
622742
622766
622832
622928
622956
623100
623144
623194
623268
623312
623539
623696
623864
624080
624086
624178
624200
624250
624392
624418
624425
624466
624562
624584
624590
624905
625118
625123
625188
625352
625382
625644
625762
625766
625880
626028
626131
626192
626214
626216
626384
626443
626552
626696
626816
626984
627033
627041
627248
627394
627704
627798
627804
627926
628184
628376
628544
628574
628666
628760
628838
628976
629120
629384
629432
629840
629892
629964
630006
630026
630043
630368
630420
630528
630606
630680
630710
630896
630960
631042
631380
631498
631666
631688
631764
631843
631928
632072
632240
632352
632384
632456
632482
632606
632628
632914
632990
633080
633330
633538
633676
634049
634066
634286
634289
634400
634428
634568
634603
634608
634620
634856
635035
635072
635196
635336
635360
635600
635630
635668
635720
636062
636154
636250
636518
636589
636632
636662
636696
636828
636835
636920
637112
637121
637304
637313
637520
637640
637667
637692
637712
637862
637882
637944
638026
638050
638058
638220
638240
638460
638496
638506
638688
638750
638816
638936
638995
639086
639272
639288
639324
639656
639756
639846
639852
640016
640034
640112
640228
640328
640490
640544
640688
640736
640810
640838
640862
640976
641072
641858
641894
642066
642224
642270
642300
642305
642368
642440
642494
642656
642756
642824
643090
643228
643339
643352
643472
643712
643832
643976
644172
644216
644227
644242
644552
644736
644768
644786
644866
644914
644960
644962
645038
645058
645152
645230
645331
645368
645506
645562
645848
646020
646112
646280
646286
646296
646472
646507
646808
646954
647081
647120
647244
647432
647606
647744
647842
647914
647918
647921
648008
648026
648176
648220
648344
648377
648408
648440
648512
648732
648842
649112
649184
649190
649304
649516
649616
649642
649736
649788
649904
650028
650092
650150
650342
650384
650554
650840
651034
651110
651248
651259
651398
651508
651536
651542
651584
651776
651944
652001
652208
652300
652332
652418
652592
652706
652760
653290
653672
653738
653816
653820
654000
654032
654224
654296
654312
654324
654418
654444
654466
654510
654540
654758
654854
654944
655189
655350
655472
655830
655902
656120
656242
656312
656480
656502
656504
656544
656658
656672
656816
656846
656960
657012
657032
657104
657288
657320
657878
657944
658090
658106
658112
658114
658160
658212
658280
658337
658380
658806
658880
658882
659002
659028
659042
659074
659264
659346
659552
659616
659720
659820
659840
659964
660128
660187
660224
660372
660704
660744
660800
660872
661038
661140
661298
661531
661584
661690
661712
661769
661784
661841
661952
661976
662028
662290
662408
662458
662506
662842
662864
662890
663014
663086
663152
663177
663420
663440
663464
663560
663680
664112
664284
664416
664544
664560
664690
664696
664712
664716
664762
664848
664886
664985
665054
665096
665480
665509
665652
665672
665916
665936
666010
666132
666154
666317
666379
666488
666534
666806
666824
666835
667304
667402
667568
667712
667795
667904
668048
668148
668208
668240
668362
668486
668520
668552
668849
668930
668940
669000
669408
669492
669590
669680
669737
669848
669998
670088
670097
670134
670230
670337
670448
670488
670490
670498
670516
670544
670618
670736
670812
671026
671035
671094
671644
671842
671894
671960
672106
672126
672154
672320
672328
672486
672499
672521
672608
672684
672806
672874
673027
673162
673208
673400
673596
673616
673714
673788
673976
674150
674528
674539
674554
674640
674932
674942
674988
675128
675185
675290
675296
675336
675512
675518
675656
675730
675944
676092
676232
676424
676472
676526
676568
676649
676668
676808
676842
676858
676906
677030
677347
677648
677664
677754
677818
677840
677844
677875
678008
678096
678272
678418
678656
678782
678994
679136
679176
679208
679400
679568
679594
679976
679978
680144
680256
680408
680482
680506
680707
680724
680888
680918
681082
681152
681322
681336
681588
681728
681787
681854
681902
682136
682346
682416
682448
682646
682841
683000
683144
683172
683192
683264
683290
683486
683528
683672
683770
684062
684472
684737
684806
684840
685040
685188
685304
685356
685448
685730
685742
685776
685852
685891
685928
685994
686194
686339
686424
686624
686635
686648
686960
687108
687230
687274
687440
687540
687560
687724
687756
687872
688138
688164
688305
688544
688862
688976
689262
689288
689318
689384
689462
689598
689722
689818
689866
690026
690240
690274
690298
690342
690494
690560
690562
690872
691088
691104
691208
691579
691638
691738
691752
691843
691944
691976
692242
692388
692430
692792
692803
692842
692962
692966
693060
693344
693464
693497
693530
693643
693752
693824
693926
693944
694122
694352
694426
694474
694616
694627
694649
694891
695068
695312
695366
695513
695528
695648
695714
695772
695814
695842
695868
695870
696200
696294
696384
696416
696558
696824
696852
696924
696968
697018
697186
697326
697400
697598
697784
697793
697882
698222
698264
698384
698412
698472
698624
698818
698825
698988
699154
699176
699296
699552
699638
699855
699866
699974
700070
700118
700142
700162
700452
700496
700618
700646
700664
701150
701198
701480
701482
701558
701606
701724
701750
701786
701870
701976
702259
702274
702346
702370
702464
702562
702584
702713
702800
702833
703088
703200
703258
703568
703570
703680
703682
703788
703819
703915
704192
704196
704336
704482
704504
704506
704510
704526
704698
704720
704936
705032
705056
705062
705082
705296
705379
705618
705728
705730
705920
705998
706018
706019
706152
706232
706313
706328
706454
706498
706640
706776
706838
706976
707120
707153
707312
707408
707504
707528
707539
707592
707602
707840
707870
708128
708196
708276
708320
708504
708516
708634
708682
708806
708833
709070
709112
709132
709262
709400
709526
709664
709928
710144
710174
710408
710474
710563
710702
710768
710936
710947
711146
711283
711392
711442
711800
711854
711872
711896
711902
712044
712064
712262
712382
712614
712712
712747
712880
713045
713070
713098
713122
713294
713338
713606
713652
713960
713962
714182
714344
714350
714638
714656
714776
714902
715000
715118
715186
715692
715760
715976
716002
716168
716224
716336
716408
716534
716648
716921
716938
717008
717128
717288
717320
717366
717396
717536
717614
717648
717665
717728
717800
718058
718070
718088
718118
718169
718291
718544
718664
718728
718838
718982
719000
719098
719146
719264
719328
719360
719393
719460
719486
719696
719720
719798
719868
719873
719884
720178
720344
720562
720680
721142
721164
721310
721406
721476
721496
721620
721627
721712
721880
722048
722070
722078
722126
722194
722299
722312
722917
723056
723139
723368
723822
723906
723920
724090
724114
724128
724380
724424
724498
724642
724712
725057
725170
725299
725432
725674
725960
726176
726300
726377
726464
726514
726931
726970
727212
727238
727380
727594
727616
727784
727804
727832
728096
728098
728242
728244
728288
728454
728480
728552
728816
728826
728858
728928
729065
729072
729104
729176
729200
729394
729514
729562
729610
729632
729850
729896
730058
730208
730448
730520
730568
730675
730856
731024
731098
731244
731312
731410
731624
731728
731792
732032
732060
732113
732248
732518
732584
732590
732776
732806
732824
732850
732996
733112
733226
733400
733476
733520
733536
733664
734148
734264
734458
734674
734820
734888
735076
735156
735200
735350
735398
735730
735824
735902
735948
736018
736058
736193
736236
736304
736568
736675
736904
736980
737042
737362
737456
737555
737664
737672
737792
737864
738080
738206
738209
738224
738350
738394
738492
738602
738676
738732
738872
738898
739112
739352
739646
739664
739786
739856
739878
739976
740076
740170
740194
740216
740654
740768
740772
741019
741056
741322
741329
741486
741638
741728
741826
741936
742040
742238
742498
742693
742710
742769
742790
742904
742936
743048
743054
743124
743142
743160
743192
743332
743388
743491
743504
743580
743816
743984
744082
744110
744163
744290
744458
744466
744475
744854
744902
744924
744968
744994
745138
745160
745234
745260
745274
745424
745446
745450
745454
745592
745788
745804
745930
745956
745970
746048
746106
746436
746452
746600
746794
746842
746890
747088
747104
747258
747364
747374
747396
747544
747560
747632
747800
747830
747864
748136
748152
748208
748232
748490
748496
748680
748712
748884
748913
748982
749096
749270
749288
749450
749582
749600
749604
749664
749720
749864
749880
749938
749954
750032
750139
750272
750420
750464
750590
750946
751128
751136
751344
751352
751448
751500
751544
751570
751694
751832
752131
752264
752402
752408
752720
752914
753008
753366
753682
754046
754190
754238
754282
754352
754402
754544
754568
754656
754668
754826
754832
754838
754860
754950
755020
755024
755100
755138
755432
755552
755674
755768
755771
755774
755984
756194
756254
756266
756370
756434
756560
756586
756778
756848
756974
757016
757116
757178
757208
757256
757289
757332
757476
757522
757526
757574
757664
757784
757882
757934
757952
758240
758244
758275
758408
758576
758744
758840
758912
758914
758938
758990
759368
759418
759508
759514
759636
759666
759914
759992
760020
760240
760328
760426
760454
760502
760664
761000
761144
761174
761460
761600
761750
761774
761851
761988
762082
762278
762329
762482
762512
762704
762826
762848
763016
763090
763130
763147
763214
763339
763448
763555
763670
763784
763976
764064
764124
764218
764414
764432
764465
764576
764864
764894
765204
765211
765224
765488
765826
766160
766195
766382
766424
766536
766592
766704
766740
766747
766818
766830
766834
767028
767068
767096
767318
767336
767432
767450
767626
767648
767650
767777
767808
767840
767952
768008
768032
768104
768176
768514
768608
768612
768756
768776
768920
768992
769018
769138
769184
769356
769381
769402
769520
769627
769764
769784
769954
770144
770312
770386
770408
770410
770434
770472
770600
770816
770844
771058
771106
771200
771259
771298
771346
771370
771444
771521
771682
771704
771730
771946
772256
772289
772332
772712
772994
773122
773576
773600
773657
773768
773774
773958
774106
774152
774368
774408
774608
774706
775206
775214
775219
775304
775310
775344
775400
775568
775570
775590
775771
775948
775980
776048
776144
776166
776266
776288
776390
776556
776598
776724
776840
776966
777032
777132
777169
777324
777424
777440
777704
777792
777944
778020
778088
778186
778424
778488
778664
778781
778854
778856
778862
778956
779096
779196
779216
779288
779432
779744
779923
780008
780176
780538
780608
780950
781022
781058
781088
781358
781402
781562
781616
781760
781790
781880
781976
782000
782120
782312
782376
782467
782578
782644
782792
782816
782890
782906
782937
782960
783134
783152
783182
783440
783689
783720
783752
783968
784208
784480
784544
784810
784836
784856
784934
785078
785242
785432
785443
785554
785580
785744
785912
785964
786230
786336
786394
786613
786758
786985
787046
787064
787396
787400
787712
787736
787954
787970
788052
788128
788220
788318
788378
788572
788576
788582
788626
788936
789008
789128
789248
789488
789784
789948
789968
790248
790400
790574
790646
790760
790856
791419
791576
791648
791712
792126
792200
792466
792488
792800
793012
793025
793088
793256
793267
793310
793356
793520
793536
793596
793666
793690
793714
793884
794150
794153
794194
794328
794360
794720
794746
794794
794936
794964
795008
795252
795416
795540
795562
795584
795728
795874
795998
796260
796280
796524
796550
796568
796736
796904
796978
797026
797052
797192
797256
797892
797894
798052
798062
798242
798278
798480
798680
798778
798800
798944
799160
799248
799376
799448
799784
800170
800312
800371
800456
800624
800676
800681
800748
800792
800890
801226
801355
801392
801420
801488
801636
801794
801802
801968
802016
802018
802128
802138
802210
802254
802304
802352
802444
802520
802612
802640
802642
802771
802922
802982
803096
803168
803220
803240
803393
803408
803412
803513
803576
803598
803676
803818
803965
804104
804126
804248
804350
804392
804444
804466
804514
804632
804754
804776
805016
805071
805306
805354
805498
805550
805562
805594
805666
805747
805898
806078
806194
806244
806308
806504
806532
806568
806652
806796
806798
806966
807014
807178
807200
807252
807320
807394
807440
807518
807800
807804
807826
807874
808016
808046
808094
808164
808184
808472
808712
808760
808934
808954
808980
809066
809144
809360
809386
809393
809508
809554
809563
809578
809650
809730
809770
809842
809964
810128
810168
810416
810460
810492
810728
810896
811262
811310
811520
811662
811670
811760
811930
811952
811968
811974
812120
812288
812306
812504
812534
812740
812753
812984
813056
813086
813100
813360
813450
813536
813680
813931
813968
814040
814128
814184
814250
814322
814430
814516
814808
814848
815050
815384
815864
815899
815962
815988
816080
816248
816300
816392
816440
816473
816754
816761
816833
817190
817238
817376
817742
817760
817926
818048
818098
818142
818194
818266
818432
818482
818498
818506
818528
818768
818784
818945
818984
819034
819058
819106
819230
819272
819348
819432
819470
819512
819632
819780
819800
819948
819970
820016
820116
820176
820290
820376
820712
820836
821162
821170
821236
821438
821462
821510
821513
821556
821640
821654
821738
821899
821988
822416
822584
822744
822778
822802
822916
823046
823112
823284
823339
823668
823690
823760
823928
824048
824160
824168
824179
824360
824486
824504
824598
824884
825104
825338
825488
825689
825704
825726
825732
825752
825922
826016
826116
826398
826464
826498
826568
826594
826601
826762
827192
827606
827928
828032
828126
828128
828392
828401
828418
828630
828632
828710
828792
828872
828992
829070
829075
829088
829188
829304
829354
829636
829680
829795
829832
829932
829958
830026
830203
830362
830578
830600
830670
830702
830820
830936
831014
831104
831134
831192
831200
831246
831492
831774
831903
831970
832092
832260
832646
832718
832723
832760
832854
832866
832982
833000
833100
833131
833408
833498
833622
833818
833860
833864
833916
834204
834220
834320
834328
834368
834422
834538
834562
834566
834606
834830
834874
835136
835352
835520
835640
835794
835832
835901
835976
836138
837056
837370
837384
837396
837442
837614
837632
837636
837800
837950
838130
838472
838520
838546
838550
838736
839011
839192
839360
839467
839744
839762
839936
839938
840062
840264
840272
840354
840420
840560
840730
840828
840854
841020
841046
841108
841112
841138
841192
841208
841376
841450
841546
841712
841721
841758
841886
841896
842120
842288
842354
842364
842888
842892
842993
843008
843106
843130
843257
843514
843518
843708
843739
844008
844123
844208
844230
844238
844280
844568
844610
844614
844736
844766
844932
845035
845168
845236
845268
845360
845456
845554
845576
845768
845774
845962
845984
846154
846278
846398
846427
846466
846488
846630
846966
847082
847112
847256
847296
847622
847673
847762
847824
847832
847908
847936
848216
848294
848408
848414
848556
848816
849056
849163
849192
849272
849300
849305
849494
849528
849602
849660
849824
849830
849854
849857
849944
850082
850138
850304
850406
850618
850697
850784
850946
850952
850958
850968
850987
851312
851340
851474
851942
851954
852224
852240
852318
852416
852560
852588
852593
852680
852776
852924
852944
853474
853577
853592
853784
853880
853944
854094
854192
854275
854330
854424
854720
854746
854858
854912
855008
855080
855298
855730
855874
855944
855979
856112
856136
856188
856241
856354
856394
856531
856570
856618
856688
856762
856904
856913
856932
857144
857798
857801
858228
858240
858466
858560
858632
858752
858776
858944
858962
859016
859114
859136
859186
859238
859328
859358
859382
859496
859620
859697
859712
859882
859913
859952
860052
860072
860074
860078
860168
860434
860592
860648
860683
860768
860820
860993
861106
861176
861288
861604
861752
861922
861968
861984
861988
862274
862280
862424
862592
862616
862760
862807
863000
863004
863011
863026
863048
863170
863294
863945
864008
864091
864176
864396
864560
864562
864610
864754
864763
864776
865154
865256
865448
865470
865478
865500
865670
865718
865838
865904
866072
866076
866155
866214
866220
866360
866480
866746
866816
866964
867012
867032
867056
867272
867432
867488
867704
867881
867918
867924
868040
868256
868472
868546
868736
868740
868762
868784
868882
868890
869144
869203
869338
869360
869484
869510
869702
869814
870030
870080
870296
870560
870848
870960
870968
871120
871184
871194
871330
871448
871784
871816
871856
871906
871954
871978
871980
872216
872768
872844
872851
872984
873134
873144
873296
873456
873632
873872
873974
874080
874256
874308
874416
874424
874568
874692
874786
874880
874884
874910
874954
874978
875051
875246
875312
875323
875395
875508
875534
875552
875794
875820
875960
876128
876144
876252
876302
876499
876680
876848
876968
877097
877162
877210
877232
877376
877512
877520
877680
877808
877834
877980
878024
878260
878292
878460
878580
878820
878864
879252
879297
879466
879470
879488
879608
879800
879992
880138
880156
880232
880378
880400
880754
880922
880952
881436
881580
881600
881650
881676
881690
881864
881904
882032
882200
882250
882278
882298
882584
882704
883016
883188
883208
883376
883674
883856
883952
884244
884537
884796
885086
885102
885168
885252
885728
885850
885876
886088
886256
886332
886358
886378
886430
886496
886498
886507
886738
886742
886928
887096
887112
887140
887240
887338
887520
887772
887938
887964
887986
888206
888632
888648
888800
889040
889092
889160
889234
889378
889544
889738
889745
889808
889924
889934
890006
890052
890292
890460
890570
890630
890846
890986
891008
891010
891156
891276
891540
891610
891656
891658
891696
891944
891984
892090
892158
892164
892304
892546
892616
892714
892784
892860
892980
893124
893131
893162
894032
894168
894202
894224
894566
894584
894754
894787
894828
894970
895066
895136
895280
895320
895595
895716
895762
895886
895928
896088
896106
896184
896190
896240
896273
896292
896308
896441
896563
896600
896722
896884
896894
897032
897056
897065
897182
897264
897425
897440
897516
897604
897636
897974
898212
898520
898594
898616
898760
898766
899004
899026
899074
899154
899432
899820
900128
900194
900444
900470
900494
900536
901162
901194
901418
901426
901440
901448
901474
901478
901481
901529
901592
901668
901744
901826
901904
902192
902274
902336
902432
902462
902600
902760
902768
902814
902822
902969
902984
903060
903379
903392
903488
903667
903800
903872
903898
904016
904027
904042
904062
904236
904380
904514
904548
904627
904644
904906
904954
905088
905100
905105
905168
905312
905314
905406
905768
905772
905912
905968
906036
906152
906326
906408
906416
906584
906595
906890
906938
906950
906992
906998
907073
907136
907162
907166
907180
907280
907346
907400
907568
907788
907928
907963
908268
908441
908556
908796
908810
908851
909296
909298
909418
909466
909584
909744
909776
909900
910328
910424
910502
910608
910627
910808
910954
911008
911028
911144
911242
911316
911338
911478
911868
912052
912104
912222
912320
912460
912494
912612
912654
912662
912920
912998
913112
913138
913152
913184
913210
913282
913291
913330
913356
913592
913712
913832
913976
914052
914144
914196
914459
914552
914750
914779
914784
914840
914952
914960
915062
915080
915096
915154
915348
915390
915482
915560
915634
915656
915826
915828
915924
916116
916496
916760
916872
916880
916890
916930
916984
917094
917150
917154
917168
917219
917304
917360
917506
917534
917696
917849
917936
918104
918178
918226
918248
918305
918494
918542
918560
919016
919308
919339
919448
919457
919522
919596
919793
919884
919954
920107
920144
920212
920318
920462
920552
920576
920960
921062
921200
921228
921274
921370
921440
921448
921588
921630
921848
922041
922118
922186
922282
922330
922516
922544
922546
922550
922712
922808
922824
922828
922886
922928
922954
923000
923052
923120
923126
923153
923172
923554
923576
923832
923840
923936
923938
924200
924296
924440
924590
924780
924800
924816
924874
925058
925208
925260
925274
925328
925385
925524
925640
925670
925883
925930
926096
926192
926408
926460
926515
926554
926576
926620
926624
926674
926792
926794
926842
926956
927216
927250
927322
927344
927370
927379
927584
927612
927616
927732
927950
927972
928112
928376
928454
928592
928760
928776
928832
928952
929018
929020
929362
929384
929386
929456
929628
929672
929832
929864
929890
930032
930326
930336
930344
930418
930530
930610
930680
930730
931040
931265
931374
931376
931452
931514
931736
931784
931963
932024
932026
932107
932316
932508
932576
932736
932796
932814
932912
933032
933176
933416
933458
933466
933514
933676
933684
933944
934402
934478
934496
934596
934640
934793
934810
934902
934976
935004
935144
935345
935400
935412
935456
935602
935768
935912
936080
936102
936728
936746
936824
937075
937208
937544
937694
937904
938386
938408
938530
938604
938750
938960
938963
938986
939058
939080
939132
939216
939248
939252
939320
939444
939708
939728
939787
940256
940282
940616
940673
940795
940814
940832
940876
941338
941410
941430
941434
941648
941702
941818
941971
941984
942470
942494
942560
942600
942794
942986
943040
943044
943114
943121
943298
943304
943502
943550
943640
943760
943812
944048
944150
944153
944216
944290
944360
944432
944448
944648
944912
944940
944966
945058
945296
945348
945420
945464
945562
945586
945634
945656
945715
945752
945848
946044
946330
946544
946642
946668
947184
947432
947438
947508
947722
948056
948058
948154
948182
948248
948416
948488
948545
948686
948782
948824
948998
949044
949156
949380
949472
949488
949714
949880
950052
950146
950336
950352
950364
950498
950528
950578
950596
950696
950820
950888
951036
951126
951158
951163
951200
951368
951684
951704
951907
951944
952328
952544
952841
952882
952930
953076
953438
953442
953600
953678
953720
953825
953984
954017
954174
954369
954464
954536
954552
954560
954588
954656
954898
954946
955138
955450
955452
955592
955664
956072
956153
956244
956314
956360
956400
956432
956522
956633
956698
956720
956826
956840
957012
957056
957377
957392
957536
957608
957680
957752
957878
957992
958000
958020
958112
958500
958574
958584
958808
959338
959558
959768
959798
959914
960056
960232
960294
960296
960392
960514
960540
960612
960638
960768
960776
960833
960944
961082
961114
961136
961256
961674
961712
961836
962192
962316
962360
962376
962534
962600
962786
962886
962936
963296
963307
963464
963638
963758
963778
963840
963852
963944
963964
964001
964104
964118
964136
964171
964200
964378
964426
964856
964908
964910
964934
964982
965245
965274
965390
965528
965750
965762
965836
966008
966032
966132
966224
966252
966350
966488
966562
966610
966658
966782
966830
966850
966876
966972
966984
967116
967118
967136
967238
967398
967406
967428
967472
967706
968297
968336
968386
968624
968672
968890
968958
969080
969096
969235
969248
969370
969470
969536
969696
969946
969968
970016
970020
970186
970190
970328
970344
970361
970490
970498
970507
970520
971078
971138
971236
971410
971624
971768
972010
972130
972154
972312
972804
972811
972824
972900
972969
972970
972974
973262
973356
973498
973632
973666
973786
974000
974138
974312
974345
974480
974496
974580
974670
974792
974886
975130
975254
975288
975320
975420
975506
975512
975802
975804
976040
976112
976154
976236
976352
976526
976568
976598
976632
976642
976810
976832
976834
976985
977096
977120
977412
977576
977640
977792
977816
977984
978010
978154
978220
978249
978446
978512
978710
978728
978944
979022
979064
979452
979480
979520
979584
979649
979786
979856
980000
980122
980216
980220
980299
980432
980443
980598
980624
980628
980838
980966
980986
981008
981200
981226
981298
981492
981508
981634
981660
981706
981763
981768
981824
981830
982040
982088
982184
982339
982404
982448
982459
982494
982610
982622
982688
982832
982838
982862
982968
983360
983602
983609
983674
983768
983770
983894
983936
984134
984278
984314
984440
984584
984689
984882
984979
984994
984998
985016
985064
985286
985402
985478
985526
985592
985664
985760
985862
985928
986024
986264
986522
986630
986940
987012
987124
987216
987248
987427
987464
987584
987780
987796
987800
987874
988070
988206
988328
988664
988764
988810
988832
988934
988980
989022
989073
989096
989122
989598
989600
989672
989690
989776
989984
989995
990084
990362
990536
990562
990902
990948
990950
990974
991040
991184
991258
991376
991544
991718
991856
991952
991980
992096
992384
992417
992644
992648
992826
992890
992960
992988
993152
993296
993464
993704
993850
994018
994112
994352
994646
994736
994859
994884
994928
995194
995216
995336
995352
995366
995380
995504
995602
995814
995816
995923
995960
996036
996056
996132
996224
996254
996362
996392
996490
996514
996806
996888
997064
997256
997496
997524
997574
997584
997666
997728
997832
997934
997952
997954
997982
998096
998174
998218
998280
998472
998508
998672
998872
999200
999272
999329
999348
999615
999756
1000328
1000332
1000548
1000552
1000641
1000664
1000714
1000762
1000784
1001072
1001288
1001448
1001579
1001648
1001960
1002032
1002270
1002344
1002584
1002833
1002848
1002924
1003016
1003152
1003262
1003544
1003548
1003622
1003704
1003712
1003832
1004126
1004266
1004360
1004532
1004770
1004822
1004942
1005206
1005396
1005494
1005628
1005656
1005730
1005756
1005896
1005948
1005992
1006022
1006032
1006068
1006238
1006250
1006304
1006405
1006496
1006568
1006664
1006670
1006675
1006832
1006954
1007024
1007234
1007264
1007342
1007384
1007390
1007504
1007576
1007594
1007652
1007940
1008113
1008257
1008320
1008398
1008444
1008480
1008560
1008571
1008588
1008744
1008844
1008852
1009094
1009166
1009210
1009282
1009376
1009544
1009546
1009570
1009858
1009862
1009952
1010168
1010232
1010240
1010371
1010384
1010458
1010696
1010712
1011106
1011128
1011307
1011466
1011473
1011504
1011562
1011810
1011892
1011992
1012046
1012070
1012094
1012320
1012328
1012400
1012544
1012712
1012932
1012958
1013216
1013456
1013576
1013746
1013768
1013794
1013928
1013960
1013984
1014152
1014161
1014320
1014370
1014464
1014602
1014610
1014632
1014754
1014896
1014970
1015022
1015160
1015162
1015232
1015496
1015594
1015684
1015738
1015766
1015784
1015858
1015928
1015954
1016077
1016112
1016120
1016168
1016220
1016294
1016366
1016408
1016582
1016672
1016840
1016851
1017058
1017086
1017128
1017242
1017541
1017558
1017612
1017704
1017872
1017874
1017896
1018064
1018232
1018308
1018376
1018664
1018721
1018764
1018776
1018808
1018841
1018952
1019052
1019059
1019096
1019192
1019224
1019314
1019336
1019362
1019460
1019672
1019702
1019888
1019938
1020017
1020497
1020569
1020610
1020682
1020686
1020696
1020824
1021020
1021154
1021160
1021171
1021190
1021306
1021332
1021520
1021572
1021594
1021656
1021760
1021764
1021952
1022072
1022088
1022153
1022345
1022360
1022484
1022539
1022600
1022798
1022866
1022880
1023076
1023192
1023204
1023418
1023464
1023759
1023968
1024140
1024208
1024313
1024322
1024392
1024424
1024474
1024548
1024618
1024778
1024784
1024832
1024862
1024980
1025076
1025096
1025240
1025244
1025297
1025400
1025408
1025438
1025528
1025720
1025914
1025936
1026346
1026416
1026816
1026944
1026977
1027208
1027313
1027400
1027688
1027762
1027832
1027858
1027992
1028070
1028144
1028184
1028216
1028352
1028384
1028670
1028678
1028702
1028767
1028942
1028990
1029034
1029038
1029056
1029234
1029250
1029360
1029488
1029522
1029561
1029696
1029698
1029802
1029820
1029896
1029900
1029926
1030136
1030254
1030424
1030426
1030640
1030808
1030930
1030952
1031240
1031268
1031282
1031480
1031530
1031938
1031940
1031986
1032008
1032202
1032274
1032298
1032546
1032754
1032850
1032872
1032882
1032888
1033088
1033218
1033334
1033352
1033560
1033616
1033620
1033784
1033812
1033985
1034026
1034099
1034188
1034192
1034342
1034768
1034892
1034899
1034984
1035000
1035180
1035456
1035486
1035610
1035953
1036016
1036018
1036208
1036376
1036520
1036548
1036592
1036712
1036721
1036904
1036926
1036998
1037026
1037140
1037172
1037198
1037312
1037412
1037450
1037575
1037644
1037648
1037984
1038130
1038202
1038464
1038632
1038678
1038758
1038854
1039040
1039188
1039304
1039306
1039472
1039668
1039808
1039886
1039934
1040384
1040434
1040674
1040842
1040864
1041206
1041322
1041488
1041792
1041977
1042018
1042040
1042208
1042404
1042424
1042544
1042673
1042736
1042856
1042884
1042896
1043096
1043244
1043393
1043408
1043460
1043681
1044080
1044158
1044235
1044248
1044250
1044274
1044512
1044521
1044590
1044656
1044968
1045070
1045184
1045248
1045376
1045408
1045682
1045732
1046006
1046033
1046076
1046170
1046192
1046196
1046395
1046478
1046528
1046578
1046746
1046777
1046874
1046984
1047014
1047017
1047222
1047272
1047346
1047512
1048116
1048160
1048560
1048642
1049054
1049058
1049168
1049330
1049360
1049624
1049750
1049870
1050080
1050176
1050344
1050560
1050601
1050752
1051166
1051304
1051348
1051358
1051464
1051478
1051594
1051616
1051642
1051752
1051760
1051766
1051886
1051908
1051913
1051924
1052168
1052318
1052434
1052522
1052544
1052697
1052720
1052760
1053014
1053104
1053115
1053178
1053200
1053427
1053512
1053608
1053752
1053798
1054020
1054280
1054424
1054474
1054710
1054714
1054810
1054880
1054956
1054976
1055052
1055292
1055458
1055510
1055799
1055936
1055966
1056512
1056562
1056728
1056944
1057304
1057334
1057496
1057664
1057692
1057832
1057878
1058168
1058251
1058552
1058888
1058933
1059032
1059202
1059425
1059636
1059758
1059800
1060112
1060361
1060382
1060402
1060424
1060481
1060638
1060712
1060762
1060884
1060956
1060976
1061098
1061273
1061338
1061360
1061366
1061376
1061434
1061462
1061864
1061914
1061940
1062032
1062224
1062276
1062345
1062392
1062488
1062686
1062761
1062804
1062896
1062905
1063040
1063096
1063208
1063286
1063354
1063503
1063520
1063760
1063926
1064092
1064096
1064338
1064408
1064412
1064480
1064674
1064722
1064798
1064816
1064880
1064960
1065062
1065126
1065224
1065242
1065370
1065440
1065730
1065750
1065780
1066472
1066620
1066673
1066810
1066848
1066860
1066934
1067000
1067120
1067292
1067408
1067504
1067750
1068008
1068128
1068228
1068494
1068706
1068898
1068992
1069280
1069284
1069424
1069498
1069502
1069507
1069640
1069784
1069834
1069874
1069930
1070240
1070266
1070292
1070296
1070432
1070478
1070500
1070600
1070674
1070744
1070916
1071080
1071176
1071348
1071366
1071368
1071425
1071434
1071492
1071608
1071708
1071776
1071811
1072019
1072256
1072424
1072568
1072572
1072614
1072858
1072924
1072954
1073048
1073506
1073580
1073596
1073744
1073820
1073888
1073960
1074272
1074379
1074440
1074456
1074470
1074802
1074822
1074998
1075136
1075219
1075328
1075352
1075424
1075476
1075697
1076004
1076072
1076264
1076382
1076436
1076465
1076528
1076744
1076838
1076945
1077108
1077176
1077226
1077250
1077264
1077305
1077536
1077656
1077818
1077920
1078046
1078066
1078082
1078088
1078090
1078112
1078313
1078330
1078426
1078454
1078476
1078618
1078714
1078856
1078932
1078939
1079004
1079082
1079198
1079242
1079312
1079532
1079672
1079746
1079866
1080008
1080026
1080059
1080224
1080368
1080569
1080600
1080758
1080776
1080866
1080992
1081224
1081256
1081376
1081380
1081422
1081520
1081928
1082096
1082122
1082412
1082438
1082496
1082592
1082624
1082628
1082768
1082904
1082986
1083008
1083176
1083204
1083447
1083656
1083665
1083944
1084304
1084334
1084339
1084378
1084400
1084435
1084616
1084694
1084976
1085098
1085336
1085436
1085504
1085578
1085604
1085702
1085774
1085875
1085880
1085888
1086128
1086440
1086488
1086684
1086702
1087003
1087044
1087208
1087212
1087233
1087362
1087524
1087542
1087784
1087860
1088090
1088266
1088275
1088288
1088290
1088633
1088672
1088676
1088702
1088744
1088954
1089034
1089230
1089252
1089416
1089492
1089590
1089850
1089872
1090376
1090394
1090448
1090616
1090622
1090762
1090769
1090788
1091024
1091052
1091094
1091107
1091264
1091360
1091438
1091458
1091626
1091696
1091844
1092019
1092120
1092272
1092278
1092305
1092394
1092560
1092728
1092750
1092758
1092806
1092896
1093112
1093243
1093310
1093562
1093712
1093882
1093904
1093953
1094120
1094148
1094170
1094382
1094534
1094760
1094890
1095318
1095416
1095497
1095585
1095774
1095968
1096040
1096404
1096424
1096514
1096568
1096808
1096828
1096968
1097094
1097170
1097240
1097366
1097478
1097755
1097768
1097918
1098056
1098176
1098185
1098660
1098896
1099016
1099025
1099042
1099106
1099140
1099166
1099208
1099332
1099507
1099522
1099544
1100436
1100528
1100580
1100722
1100868
1101032
1101110
1101180
1101248
1101490
1101512
1101530
1101700
1101809
1101950
1101988
1102068
1102097
1102178
1102208
1102214
1102280
1102354
1102392
1102402
1102474
1102498
1102526
1102568
1102577
1102664
1102908
1103222
1103336
1103404
1103436
1103552
1103578
1103730
1103816
1103842
1103913
1104080
1104224
1104584
1104708
1104824
1104854
1104968
1104976
1105104
1105280
1105424
1105464
1105498
1105548
1105690
1105854
1106240
1106320
1106362
1106426
1106592
1106604
1106626
1106726
1106912
1106918
1106984
1107200
1107346
1107446
1107630
1107682
1107761
1107992
1108012
1108020
1108328
1108498
1108622
1108670
1108718
1108880
1108926
1109186
1109484
1109600
1109899
1110056
1110086
1110115
1110257
1110300
1110420
1110516
1110537
1110602
1110632
1110802
1111040
1111184
1111287
1111304
1111313
1111424
1111610
1111616
1111620
1111648
1111841
1111976
1112114
1112124
1112218
1112338
1112342
1112412
1112432
1112476
1112508
1112768
1112940
1113182
1113200
1113252
1113444
1113488
1113554
1113686
1113824
1113938
1113979
1114160
1114320
1114550
1114618
1114963
1115088
1115264
1115286
1115744
1115888
1116416
1116634
1116730
1116800
1116968
1116972
1117322
1117382
1117402
1117498
1117721
1117872
1117906
1118098
1118146
1118170
1118218
1118342
1118484
1118720
1118816
1118820
1118990
1119056
1119176
1119211
1119372
1119392
1119442
1119466
1119636
1119778
1119806
1119896
1119902
1120018
1120027
1120114
1120162
1120178
1120339
1120368
1120424
1120651
1120712
1120810
1120954
1121044
1121216
1121384
1121392
1121508
1121528
1121600
1121762
1121794
1121820
1121822
1122078
1122086
1122226
1122248
1122425
1122704
1122828
1122922
1122992
1123354
1123416
1123450
1123474
1123542
1123572
1123592
1123664
1123808
1123834
1124170
1124268
1124362
1124385
1124484
1124744
1124796
1124803
1125012
1125233
1125296
1125440
1125492
1125728
1125820
1125894
1125926
1125970
1126234
1126572
1126784
1127098
1127146
1127162
1127164
1127172
1127270
1127354
1127714
1127731
1127744
1127960
1128130
1128226
1128250
1128274
1128362
1128384
1128486
1128713
1128872
1128878
1128926
1129018
1129160
1129190
1129256
1129262
1129330
1129444
1129522
1129939
1129956
1130092
1130170
1130196
1130218
1130336
1130412
1130594
1130624
1130707
1130864
1130866
1131208
1131318
1131440
1131898
1131971
1132016
1132147
1132160
1132306
1132354
1132514
1132552
1132808
1132872
1133144
1133148
1133340
1133456
1134024
1134052
1134056
1134224
1134336
1134392
1134466
1134538
1134560
1134582
1134672
1134682
1134708
1134994
1135066
1135160
1135315
1135378
1135400
1135472
1135512
1135592
1135806
1135836
1135922
1136044
1136096
1136104
1136122
1136124
1136358
1136364
1136456
1136580
1136648
1136666
1136672
1136681
1136840
1136952
1137030
1137176
1137320
1137422
1137521
1137562
1137590
1137610
1137614
1137704
1137854
1137896
1138064
1138358
1138376
1138481
1138524
1138832
1138956
1139050
1139072
1139124
1139177
1139338
1139418
1139524
1139570
1139598
1139602
1139606
1139888
1139890
1140014
1140104
1140296
1140416
1140562
1140564
1140704
1140872
1141027
1141080
1141265
1141378
1141404
1141498
1141697
1141862
1141930
1142002
1142040
1142050
1142456
1142458
1142600
1142702
1142818
1142912
1143152
1143178
1143233
1143344
1143514
1143704
1143850
1143894
1143898
1143984
1144166
1144284
1144328
1144352
1144476
1144616
1144692
1144760
1144786
1144793
1144826
1145054
1145066
1145144
1145241
1145274
1145338
1145558
1145582
1145585
1145816
1145894
1145920
1145984
1146128
1146296
1146305
1146307
1146576
1146584
1146752
1146774
1146776
1146876
1146944
1146968
1147046
1147334
1147354
1147424
1147478
1147610
1147638
1147640
1147784
1147980
1148022
1148042
1148236
1148240
1148266
1148432
1148624
1148626
1148640
1148792
1148796
1149008
1149056
1149154
1149320
1149440
1149564
1149734
1149806
1149830
1150094
1150204
1150212
1150400
1150548
1150688
1150864
1150880
1151114
1151126
1151225
1151816
1151914
1152008
1152082
1152098
1152106
1152120
1152300
1152368
1152708
1152734
1152778
1152800
1152880
1152896
1152898
1153142
1153145
1153160
1153210
1153376
1153406
1153594
1153670
1153778
1154072
1154192
1154366
1154368
1154480
1154582
1154798
1154990
1155078
1155104
1155272
1155296
1155394
1155436
1155593
1155754
1155936
1155994
1156027
1156208
1156546
1156670
1156856
1156858
1156928
1156934
1156982
1157074
1157321
1157360
1157720
1157864
1157960
1158072
1158132
1158224
1158584
1158684
1158752
1158854
1158992
1159208
1159472
1159622
1159644
1159662
1159670
1159913
1159976
1160059
1160144
1160266
1160336
1160388
1160504
1160515
1160550
1160650
1160816
1160825
1160856
1160988
1161004
1161180
1161185
1161475
1161497
1161608
1161641
1161756
1161824
1161936
1162020
1162051
1162193
1162315
1162566
1162714
1162760
1163000
1163192
1163384
1163410
1163412
1163600
1163706
1164368
1164576
1164584
1164686
1164748
1164776
1164822
1164896
1165056
1165088
1165134
1165169
1165289
1165476
1165640
1165668
1165808
1166360
1166412
1166576
1166606
1166653
1166748
1166774
1166890
1167033
1167082
1167254
1167394
1167418
1167600
1167708
1167722
1167734
1167794
1167830
1167888
1167996
1168112
1168258
1168280
1168288
1168594
1168688
1168833
1168880
1168968
1168970
1169024
1169155
1169216
1169336
1169404
1169472
1169482
1169508
1169578
1169676
1169702
1169744
1169840
1169867
1169936
1170296
1170462
1170656
1170686
1170734
1170737
1171064
1171219
1171232
1171291
1171544
1171592
1171688
1171784
1172264
1172280
1172360
1172534
1172648
1172714
1172722
1172784
1172792
1173058
1173220
1173226
1173436
1173504
1173566
1174310
1174328
1174385
1174457
1174529
1174712
1175020
1175048
1175314
1175424
1175456
1175467
1175707
1175736
1175796
1175892
1176178
1176248
1176416
1176612
1176617
1176800
1176992
1177088
1177154
1177190
1177352
1177452
1177564
1177594
1177642
1177690
1177814
1177817
1177856
1177904
1178150
1178208
1178390
1178414
1178633
1178696
1178888
1178936
1178966
1179178
1179226
1179344
1179608
1179656
1179770
1179771
1179846
1179848
1180086
1180200
1180208
1180238
1180298
1180352
1180712
1180904
1181168
1181222
1181312
1181770
1181844
1181971
1182026
1182344
1182410
1182518
1182590
1182634
1182776
1182896
1183016
1183062
1183088
1183152
1183184
1183256
1183313
1183352
1183370
1183544
1183697
1183860
1183994
1184028
1184196
1184266
1184284
1184467
1184530
1184552
1184722
1184744
1184937
1184940
1185008
1185131
1185154
1185374
1185403
1185494
1185584
1185711
1185794
1185802
1185968
1186284
1186378
1186385
1186400
1186452
1186502
1186550
1186616
1186690
1186834
1187098
1187194
1187318
1187412
1187552
1187592
1187678
1187722
1187744
1188006
1188480
1188530
1188612
1188752
1188782
1188787
1188848
1188920
1188996
1189142
1189280
1189448
1189498
1189520
1189542
1189572
1189622
1189627
1189886
1190006
1190011
1190059
1190120
1190162
1190166
1190216
1190360
1190380
1190395
1190412
1190438
1190748
1190755
1190962
1190971
1191067
1191156
1191283
1191320
1191595
1191824
1191968
1192020
1192232
1192406
1192594
1192666
1192826
1193020
1193148
1193153
1193216
1193246
1193312
1193408
1193414
1193554
1193602
1193626
1193738
1193936
1194067
1194320
1194536
1194632
1194730
1194800
1195016
1195392
1195400
1195553
1195568
1195718
1195736
1195762
1196072
1196196
1196240
1196332
1196360
1196552
1196768
1196818
1196990
1197080
1197132
1197204
1197224
1197330
1197398
1197425
1197488
1197680
1197746
1197962
1198180
1198212
1198360
1198618
1198642
1198714
1198838
1199000
1199026
1199033
1199178
1199456
1199720
1199818
1199988
1200076
1200084
1200176
1200200
1200272
1200612
1200756
1200794
1200800
1201084
1201136
1201284
1201568
1201598
1201616
1201736
1201904
1202052
1202201
1202288
1202312
1202318
1202456
1202624
1202740
1202870
1202912
1202990
1203206
1203488
1203517
1203584
1203592
1203778
1203800
1203802
1204140
1204304
1204568
1204688
1204880
1204920
1205078
1205146
1205242
1205408
1205412
1205417
1205454
1205504
1206128
1206346
1206416
1206499
1206588
1206792
1206802
1206852
1206872
1206955
1207400
1207496
1207932
1208072
1208225
1208288
1208354
1208480
1208696
1208772
1209008
1209102
1209176
1209196
1209228
1209392
1209566
1209614
1209658
1209686
1210136
1210184
1210195
1210234
1210256
1210378
1210424
1210636
1210670
1210690
1210842
1210974
1211240
1211340
1211344
1211482
1211610
1211722
1211724
1211865
1211984
1212032
1212067
1212152
1212368
1212372
1212590
1212632
1212638
1212926
1212972
1213097
1213160
1213210
1213328
1213454
1213520
1213634
1213690
1213762
1213784
1213848
1213856
1214000
1214146
1214210
1214216
1214323
1214432
1214462
1214712
1214846
1214864
1215032
1215178
1215226
1215392
1215560
1215632
1215650
1215832
1216112
1216424
1216568
1216594
1216728
1216740
1216766
1216793
1216880
1216884
1217096
1217098
1217364
1217408
1217816
1217818
1217838
1218228
1218416
1218468
1218586
1218704
1218804
1218872
1218944
1219064
1219164
1219232
1219712
1220122
1220192
1220258
1220340
1220414
1220574
1220650
1220744
1220771
1220888
1220892
1221248
1221281
1221440
1221588
1221608
1221804
1221848
1221922
1221926
1221929
1222040
1222084
1222358
1222616
1222692
1222712
1222880
1223028
1223126
1223224
1223240
1223244
1223266
1223384
1223510
1223552
1223648
1223674
1223816
1223858
1223986
1224396
1224418
1224612
1224914
1224960
1224968
1225162
1225171
1225230
1225234
1225236
1225376
1225524
1225586
1225640
1225692
1225904
1226100
1226120
1226218
1226314
1226340
1226362
1226384
1226672
1226816
1226840
1226866
1227108
1227168
1227200
1227276
1227494
1227540
1227593
1227656
1227754
1227896
1227922
1228184
1228210
1228234
1228448
1228504
1228522
1228592
1228769
1228786
1228924
1228958
1229006
1229321
1229384
1229673
1229676
1229678
1229702
1229720
1229894
1229940
1230080
1230106
1230170
1230178
1230320
1230355
1230536
1230612
1230822
1230842
1230964
1231075
1231376
1231594
1231694
1231736
1231928
1231962
1232216
1232384
1232508
1232626
1232696
1232796
1233004
1233012
1233204
1233344
1233680
1233859
1233864
1233896
1234064
1234114
1234280
1234308
1234448
1234498
1234573
1234650
1234784
1235054
1235138
1235364
1235404
1235456
1235472
1235630
1235650
1235676
1235774
1235921
1235936
1236680
1236706
1236873
1236896
1236942
1237032
1237058
1237279
1237382
1237514
1237810
1237842
1237858
1237862
1237906
1237944
1238100
1238210
1238240
1238297
1238528
1238676
1238716
1238766
1238840
1238844
1238986
1238995
1239008
1239392
1239449
1239566
1239728
1240016
1240184
1240348
1240454
1240520
1240594
1240662
1240718
1240722
1241126
1241192
1241316
1241360
1241386
1241672
1241864
1241914
1241930
1242080
1242270
1242278
1242372
1242872
1242881
1242950
1243352
1243640
1243856
1243980
1244020
1244026
1244048
1244232
1244264
1244336
1244465
1244508
1244657
1244676
1244750
1244768
1244798
1244930
1245014
1245091
1245158
1245224
1245264
1245398
1245446
1245488
1245560
1245564
1245696
1245806
1245968
1245970
1246032
1246042
1246112
1246374
1246464
1246542
1246786
1246808
1246834
1247022
1247168
1247222
1247266
1247388
1247438
1247528
1247654
1247700
1247722
1247899
1248024
1248206
1248275
1248344
1248464
1248608
1248754
1248878
1249022
1249062
1249070
1249088
1249140
1249212
1249248
1249280
1249286
1249472
1249550
1249601
1249784
1249944
1249996
1250054
1250096
1250384
1250678
1250984
1250988
1251010
1251028
1251030
1251058
1251473
1251508
1251752
1251798
1252046
1252136
1252234
1252276
1252344
1252408
1252788
1252856
1253078
1253098
1253192
1253270
1253312
1253441
1253548
1253744
1254063
1254104
1254108
1254152
1254230
1254278
1254355
1254436
1254466
1254490
1254560
1254562
1254610
1254634
1254800
1254824
1255051
1255280
1255442
1255448
1255616
1255760
1255764
1255790
1255928
1256048
1256216
1256242
1256510
1256534
1256600
1256606
1256720
1256888
1256890
1257128
1257132
1257272
1257470
1257562
1257580
1257681
1257846
1257872
1257902
1258066
1258090
1258162
1258184
1258226
1258230
1258313
1258498
1258530
1258668
1258915
1258952
1259046
1259096
1259198
1259216
1259314
1259434
1259606
1259654
1259796
1259840
1259904
1259936
1260038
1260083
1260560
1260708
1260746
1260750
1260824
1260923
1260984
1261234
1261260
1261296
1261304
1261402
1261450
1261472
1261664
1261740
1261934
1261939
1261952
1262059
1262236
1262395
1262552
1262592
1262705
1262840
1262866
1262932
1263130
1263350
1263408
1263470
1263560
1263732
1263744
1263752
1263872
1264018
1264088
1264162
1264304
1264328
1264544
1264622
1264784
1264862
1264928
1264930
1265064
1265096
1265190
1265222
1265270
1265312
1265388
1265443
1265456
1265510
1265580
1265582
1265600
1265609
1265652
1265768
1265820
1265849
1265918
1266008
1266110
1266154
1266202
1266224
1266298
1266768
1266846
1266988
1267038
1267160
1267430
1267492
1267531
1267776
1267784
1267802
1267926
1268118
1268126
1268214
1268496
1268632
1268672
1268873
1269113
1269154
1269176
1269220
1269272
1269440
1269588
1269624
1269854
1270143
1270208
1270219
1270284
1270502
1270520
1270660
1270680
1270712
1270812
1270890
1270958
1271208
1271242
1271246
1271316
1271408
1271672
1271688
1271796
1271942
1272034
1272168
1272170
1272228
1272329
1272348
1272449
1272756
1272778
1272785
1272920
1272946
1273112
1273330
1273352
1273356
1273424
1273454
1273564
1273616
1273930
1273978
1274096
1274264
1274360
1274402
1274722
1274774
1274888
1274894
1274986
1275224
1275226
1275250
1275580
1275722
1275806
1275944
1276018
1276090
1276114
1276162
1276256
1276352
1276520
1276542
1276546
1276688
1276714
1276867
1276904
1276959
1277194
1277600
1277602
1277698
1277768
1278038
1278152
1278370
1278374
1278394
1278638
1278824
1278912
1278962
1278968
1279154
1279208
1279310
1279328
1279402
1279498
1279526
1279570
1279592
1279649
1279760
1279792
1279809
1280144
1280146
1280240
1280552
1280600
1280630
1280988
1281161
1281178
1281180
1281250
1281320
1281490
1281512
1281528
1281614
1281746
1281964
1282016
1282306
1282328
1282332
1282400
1282496
1282620
1282640
1282802
1282992
1283000
1283098
1283286
1283360
1283387
1283592
1283698
1283720
1284132
1284161
1284300
1284440
1284470
1284632
1284754
1284968
1285040
1285118
1285160
1285314
1285424
1285688
1285908
1285915
1285928
1286148
1286170
1286192
1286210
1286218
1286408
1286594
1286626
1286635
1286648
1286772
1286954
1287248
1287282
1287440
1287634
1287848
1287870
1288224
1288280
1288426
1288670
1288694
1288880
1289076
1289096
1289104
1289312
1289504
1289672
1289722
1289888
1289918
1289966
1290128
1290168
1290368
1290752
1291064
1291274
1291515
1291928
1291939
1291996
1292136
1292264
1292298
1292310
1292508
1292640
1292848
1292936
1293170
1293182
1293206
1293210
1293228
1293322
1293344
1293486
1293542
1293578
1293584
1293944
1294112
1294184
1294258
1294424
1294502
1294688
1294714
1294886
1294908
1294922
1295057
1295072
1295124
1295240
1295249
1295314
1295336
1295388
1295438
1295674
1295746
1295762
1295770
1295792
1295866
1296200
1296264
1296298
1296510
1296560
1296752
1296830
1296944
1297136
1297284
1297376
1297448
1297862
1297880
1297958
1298048
1298064
1298600
1298722
1298736
1298770
1298827
1298840
1298880
1299008
1299024
1299470
1299584
1299848
1300040
1300200
1300208
1300433
1300688
1301096
1301192
1301203
1301220
1301370
1301576
1301744
1302030
1302036
1302206
1302276
1302296
1302480
1302595
1302608
1302704
1302730
1302816
1302828
1302844
1303070
1303112
1303116
1303121
1303226
1303248
1303264
1303280
1303448
1303544
1303808
1303838
1303982
1304000
1304148
1304149
1304208
1304216
1304424
1304484
1304504
1304696
1304798
1304864
1304945
1305010
1305128
1305396
1305708
1305954
1306094
1306099
1306160
1306186
1306358
1306387
1306448
1306620
1306716
1306736
1306928
1307018
1307076
1307288
1307294
1307321
1307417
1307744
1307912
1307984
1308062
1308128
1308248
1308259
1308480
1308488
1308660
1308816
1308848
1308878
1309016
1309160
1309238
1309260
1309352
1309688
1309747
1309856
1309886
1309928
1310148
1310332
1310366
1310384
1310414
1310552
1310642
1310914
1310918
1310984
1311067
1311176
1311305
1311484
1311560
1311588
1311680
1311824
1311936
1311944
1311948
1312016
1312130
1312280
1312376
1312446
1312496
1312548
1312564
1312664
1312688
1312977
1313120
1313144
1313194
1313386
1313395
1313412
1313504
1313554
1313633
1313844
1314104
1314248
1314322
1314660
1314680
1315064
1315088
1315440
1315544
1315608
1315640
1315664
1315740
1315745
1315812
1315886
1316072
1316412
1316457
1316504
1316654
1316696
1316832
1316868
1316888
1317008
1317010
1317086
1317170
1317392
1317617
1317656
1317800
1317818
1317826
1318016
1318193
1318260
1318280
1318329
1318454
1318490
1318570
1318596
1318642
1318761
1318838
1319312
1319654
1319678
1319696
1319984
1320058
1320139
1320204
1320322
1320634
1320796
1320830
1320852
1320992
1321016
1321328
1321476
1321668
1321712
1321738
1321742
1321768
1321812
1321872
1322112
1322415
1322448
1322450
1322456
1322534
1322652
1322678
1322744
1322746
1322772
1322840
1323056
1323108
1323128
1323185
1323276
1323344
1323384
1323536
1323640
1323656
1323744
1323968
1323974
1324046
1324208
1324282
1324440
1324520
1324664
1324784
1325144
1325297
1325486
1325628
1325720
1325788
1325960
1326024
1326043
1326060
1326176
1326320
1326324
1326593
1326724
1326756
1326924
1327232
1327260
1327330
1327502
1327524
1327592
1327808
1327819
1328030
1328072
1328288
1328456
1328484
1328504
1328576
1328808
1328840
1328846
1328849
1328868
1329056
1329130
1329368
1329488
1329534
1329614
1329672
1329684
1329704
1329782
1329920
1330236
1330241
1330280
1330310
1330394
1330454
1330488
1330572
1330976
1331050
1331432
1331762
1331794
1331866
1331888
1331952
1331954
1331966
1332015
1332144
1332187
1332200
1332326
1332420
1332560
1332896
1332948
1333018
1333032
1333088
1333352
1333476
1333568
1333632
1333723
1333915
1333976
1334004
1334074
1334120
1334288
1334458
1334558
1334624
1334650
1334808
1334864
1335019
1335056
1335060
1335176
1335368
1335379
1335560
1335602
1335636
1335638
1335776
1335792
1335824
1335826
1336022
1336024
1336064
1336184
1336214
1336376
1336451
1336516
1336568
1336572
1336664
1336740
1336880
1336937
1337046
1337100
1337116
1337304
1337312
1337572
1338082
1338300
1338396
1338442
1338614
1338616
1338652
1338782
1338872
1338944
1338994
1339352
1339426
1339664
1339666
1339688
1340052
1340225
1340244
1340288
1340314
1340340
1340579
1340624
1340984
1341104
1341560
1341612
1341830
1341964
1341970
1341977
1342188
1342307
1342308
1342352
1342474
1342494
1342570
1342710
1342832
1342961
1343025
1343082
1343092
1343144
1343266
1343314
1343528
1343530
1343648
1343768
1343793
1344006
1344104
1344228
1344350
1344394
1344416
1344440
1344514
1344656
1344715
1344730
1345162
1345232
1345380
1345472
1345524
1345688
1346150
1346210
1346288
1346294
1346356
1346384
1346393
1346770
1346840
1347032
1347362
1347778
1347822
1347896
1348020
1348046
1348088
1348256
1348448
1348644
1348710
1348766
1348832
1349000
1349006
1349035
1349072
1349102
1349155
1349438
1349578
1349768
1349816
1349868
1349964
1350106
1350536
1350538
1350586
1350608
1350659
1350682
1350754
1350776
1350876
1350920
1351016
1351118
1351184
1351352
1351520
1351688
1351766
1352026
1352216
1352268
1352366
1352624
1352696
1352722
1352858
1352866
1352888
1352970
1353086
1353180
1353331
1353344
1353624
1353660
1353706
1353800
1353840
1353852
1353872
1353968
1354008
1354066
1354158
1354176
1354184
1354238
1354296
1354304
1354416
1354424
1354476
1354498
1354502
1354584
1354622
1354704
1354736
1354814
1354838
1354872
1354904
1355040
1355120
1355124
1355256
1355292
1355424
1355432
1355532
1355558
1355576
1355587
1355592
1355712
1355746
1355816
1355976
1356058
1356106
1356216
1356392
1356456
1356494
1356560
1356624
1356636
1356710
1356792
1356800
1356924
1356960
1357016
1357248
1357256
1357332
1357416
1357520
1357584
1357690
1357752
1357760
1357944
1357952
1358232
1358408
1358448
1358552
1358616
1358720
1358880
1359024
1359038
1359086
1359104
1359144
1359250
1359298
1359440
1359512
1359660
1359704
1359848
1360140
1360160
1360234
1360256
1360267
1360568
1360688
1360976
1360985
1361122
1361144
1361412
1361456
1361528
1361580
1361650
1361768
1361774
1361794
1362085
1362305
1362392
1362446
1362488
1362536
1362610
1362752
1362968
1363136
1363256
1363306
1363457
1363494
1363496
1363627
1363694
1363856
1363915
1364081
1364264
1364312
1364528
1364650
1364698
1365128
1365206
1365298
1365300
1365307
1365320
1365396
1365536
1365564
1365662
1365704
1365824
1365900
1366064
1366142
1366186
1366376
1366736
1366904
1367026
1367030
1367048
1367102
1367140
1367170
1367384
1367436
1367624
1367810
1367848
1367960
1368416
1368508
1368540
1368680
1368872
1369088
1369210
1369400
1369430
1369664
1369832
1370096
1370164
1370246
1370264
1370412
1370552
1370642
1370698
1370720
1370850
1370958
1371124
1371182
1371254
1371272
1371440
1371660
1371665
1371874
1372070
1372123
1372282
1372358
1372406
1372428
1372546
1372644
1372934
1373026
1373042
1373052
1373096
1373129
1373170
1373294
1373338
1373364
1373366
1373386
1373432
1373558
1373602
1373746
1373866
1373958
1374034
1374146
1374276
1374290
1374564
1374658
1374732
1374850
1374874
1374882
1374892
1375238
1375286
1375406
1375498
1375522
1375524
1375542
1375622
1375649
1375718
1375762
1375830
1375956
1375978
1376098
1376122
1376146
1376218
1376338
1376342
1376434
1376462
1376467
1376562
1376702
1377252
1377307
1377372
1377972
1378555
1378762
1378900
1379077
1379129
1379218
1379290
1379358
1379705
1379794
1379796
1380010
1380134
1380276
1380355
1380444
1380449
1380612
1380730
1380854
1380950
1381130
1381166
1381169
1381334
1381598
1381620
1381666
1381802
1381954
1382512
1382702
1382776
1383232
1383398
1383424
1383616
1383808
1383874
1383904
1384044
1384051
1384070
1384212
1384289
1384480
1384762
1384838
1385128
1385218
1385294
1385344
1385534
1385585
1385656
1385824
1385866
1385990
1386040
1386316
1386328
1386616
1386784
1387048
1387180
1387312
1387504
1387721
1387960
1388195
1388219
1388291
1388339
1388388
1388435
1388748
1389349
1389827
1389851
1389972
1390259
1390429
1391051
1391794
1391843
1391868
1392156
1392539
1393427
1393454
