5804
321
488
537
552
567
944
960
1065
1311
1551
1552
1784
2103
2408
2448
2624
2745
2784
3081
3250
3278
3417
3465
3974
3992
4024
4042
4186
4193
4400
4529
4694
4704
4736
4744
4814
4936
5146
5224
5608
5856
6088
6272
6352
6392
6592
6608
6878
6896
7000
7040
7144
7376
7383
7594
7648
8192
8384
8582
8648
8722
8942
9152
9154
9226
9593
9778
9859
10042
10049
10088
10104
10256
10313
10328
10550
10920
11290
11678
11726
11738
11742
11768
11784
11936
11942
11962
12156
12248
12320
12392
12578
12584
12638
12828
12848
12883
12968
13046
13142
13258
13310
13354
13526
13570
13598
13622
13644
13651
13690
13712
13786
13856
14312
14338
14410
14534
14538
14604
14995
15032
15060
15113
15126
15202
15254
15278
15290
15326
15346
15536
15586
15610
15612
15680
15848
15900
16068
16073
16186
16212
16315
16428
16507
16651
16688
16692
16808
16824
16836
16880
16889
17054
17170
17196
17266
17280
17336
17388
17528
17648
17696
17724
17940
18036
18182
18209
18276
18392
18470
18492
18499
18656
18800
18852
18878
18992
19188
19232
19240
19448
19457
19520
19664
19782
19814
19832
19836
20028
20146
20402
20467
20552
20652
20672
20742
20744
20746
20762
20940
21043
21080
21224
21302
21374
21440
21586
21590
21595
21608
21612
21936
21972
22088
22090
22330
22542
22856
22915
23078
23264
23284
23290
23292
23334
23428
23456
23580
23620
23683
23698
23792
23836
23873
23980
23990
24082
24172
24302
24412
24442
24604
24608
24806
24820
24852
24854
24878
24896
24926
24988
25088
25114
25156
25160
25348
25352
25474
25516
25684
25712
25819
25852
25976
26044
26140
26308
26336
26345
26364
26378
26386
26436
26465
26552
26572
26720
26748
26764
26908
26921
26960
27128
27248
27416
27418
27444
27560
27758
27896
27922
28118
28138
28160
28176
28208
28304
28632
28640
28712
28788
29150
29578
29582
29587
29834
29842
29930
30128
30316
30410
30464
30494
30610
30903
30992
31022
31160
31212
31296
31328
31656
31690
31814
31858
31954
31976
32126
32526
32624
32630
32650
32702
32864
32960
33000
33063
33128
33274
33638
33689
33872
33931
34088
34384
34544
34646
34712
34856
34867
34976
35090
35288
35312
35410
35594
35622
35770
35960
35993
36000
36329
36374
36512
36866
36892
37090
37160
37234
37262
37344
37358
37526
37622
37650
37786
37812
37880
37904
38026
38280
38312
38347
38480
38502
38536
38560
38604
38720
39032
39322
39326
39490
39494
39610
39658
39968
40160
40260
40400
40468
40512
40544
40714
40808
40814
40968
41000
41046
41078
41120
41144
41150
41198
41288
41304
41473
41478
41534
41616
41696
41962
41982
42134
42176
42230
42242
42272
42316
42614
42680
42774
42872
43064
43066
43184
43304
43306
43382
43385
43760
43769
43906
43976
44000
44216
44282
44296
44312
44720
44770
44777
45010
45089
45124
45278
45346
45475
45636
45778
45878
45896
46022
46104
46112
46272
46280
46538
46716
46776
46808
46832
46836
47552
47604
47696
48128
48320
48329
48528
48566
48632
48754
48864
48920
49368
49476
49498
49664
49880
50066
50078
50192
50366
50382
50424
50510
50696
50731
50788
50864
50892
50971
51008
51122
51176
51178
51185
51302
51612
51654
51848
51859
52014
52068
52212
52328
52380
52448
52579
52594
52766
52954
53002
53098
53166
53242
53244
53484
53498
53688
53696
53880
54041
54211
54226
54560
54612
54639
54708
54866
54920
54922
55304
55472
55500
55522
55738
55808
55994
56116
56179
56192
56312
56472
56506
56746
57230
57257
57298
57384
57392
57403
57486
57540
57667
57715
57730
57792
57854
57857
58066
58114
58162
58284
58448
58688
58718
59000
59340
59506
59576
59600
59772
60176
60206
60560
60636
60658
60824
60874
60952
61040
61114
61206
61258
61328
61526
61640
61858
62000
62150
62198
62336
62388
62456
62465
62574
62707
62744
62888
62892
62940
62962
63098
63104
63248
63326
63372
63662
63680
63848
63850
64112
64352
64409
64568
64642
64646
64674
65102
65690
65774
66080
66248
66336
66488
66571
66632
66787
66800
66804
66818
66970
66994
67326
67344
67472
67505
67618
67716
67808
67963
68129
68144
68148
68174
68219
68336
68414
68438
68616
68624
68792
68856
68918
69056
69139
69632
69641
69662
69702
69770
69802
69920
69931
69986
70032
70040
70092
70232
70310
70400
70568
70598
70666
70760
70790
70872
70928
71000
71076
71162
71170
71192
71504
71672
71960
72128
72248
72272
72326
72422
72446
72715
72737
72802
73112
73306
73386
73592
73832
73910
73976
74201
74216
74310
74312
74528
74532
74720
74724
74892
74986
75228
75324
75510
75518
75542
75595
75632
75756
75801
75848
75920
76208
76358
76400
76520
76570
76694
76728
76742
76808
76904
77184
77216
77816
77940
77942
77962
78128
78144
78324
78351
78440
78682
78852
79136
79212
79304
79668
79778
79832
79902
79976
80214
80225
80268
80386
80390
80528
80868
80912
80978
80986
80988
81276
81304
81424
81494
81962
81992
82454
82476
82620
82664
83052
83057
83094
83148
83168
83628
83696
83779
83916
83936
84344
84494
84512
84518
84528
84660
84682
84824
84944
85088
85128
85260
85496
85688
85699
85900
85954
86068
86096
86136
86194
86216
86386
86434
86504
86580
86585
86750
86777
86796
86864
87139
87344
87422
87608
87806
87848
88040
88044
88284
88452
88502
88620
88688
88740
88784
89024
89214
89318
89336
89376
89457
89626
90080
90108
90200
90252
90372
90558
90710
90888
90896
91188
91190
91352
91398
91568
91572
91740
91810
91852
91976
92006
92096
92146
92194
92312
92369
92388
92504
92556
92778
92920
92928
92954
92962
93176
93270
93272
93392
93442
93758
93883
93894
94016
94121
94352
94520
94538
94640
94786
94792
94808
94930
95052
95174
95179
95216
95336
95510
95528
95552
95796
95808
96156
96226
96250
96300
96320
96374
96468
96488
96680
96728
96750
96802
96872
96998
97001
97162
97376
97385
97627
97764
97939
98120
98128
98210
98218
98275
98294
98312
98480
98604
98624
98630
98746
98836
98842
99080
99202
99320
99336
99445
99514
99754
99776
100112
100152
100184
100206
100236
100315
100474
100712
100738
100784
100904
101072
101192
101242
101461
101572
101816
101894
101918
101984
102030
102080
102326
102392
102752
102798
102830
102936
102962
102970
102996
103112
103236
103278
103304
103380
103402
103600
103620
103666
103747
103910
103961
103976
104216
104244
104408
104452
104688
104696
104868
104921
105226
105235
105274
105612
105680
106016
106188
106208
106346
106352
106426
106444
106550
106568
106598
106641
106714
106742
106806
106915
107048
107096
107170
107196
107218
107294
107364
107390
107408
107434
107552
107578
107936
108014
108082
108224
108562
108584
108752
108768
108800
108920
110240
110520
111080
111176
111206
111235
111276
111464
111905
111990
112330
112339
112352
112474
112520
112666
112688
112786
112790
112810
112978
113000
113006
113026
113030
113050
113098
113194
113203
113318
113360
113410
113582
113628
113630
113648
113916
113936
113984
114056
114226
114296
114434
114518
114536
114562
114852
115040
115184
115483
115526
115550
115754
115838
115890
115929
115931
116100
116184
116242
116432
116462
116600
116620
116642
117226
117396
117398
117561
117968
118040
118352
118408
118856
118976
119100
119286
119360
119382
119600
119696
120278
120436
120658
120680
120794
120802
121040
121068
121208
121234
121241
121450
121466
121536
121574
121692
121736
121858
121980
122222
122369
122502
122552
122628
122768
122936
122993
123137
123176
123464
123490
123499
123608
123682
123732
123826
123833
123902
123950
124064
124256
124272
124538
124856
124884
124896
124906
124924
125074
125090
125338
125406
125408
125436
125510
125724
125753
125792
125810
125873
126000
126296
126377
126434
126442
126608
126752
126828
126872
126944
126974
127016
127152
127330
127402
127472
127712
127718
127880
128030
128076
128242
128244
128290
128406
128482
128554
128676
128748
128762
129090
129113
129152
129220
129355
129486
129512
129606
129658
129684
129706
129728
130040
130178
130208
130328
130442
130496
130808
130904
130954
131002
131026
131078
131216
131242
131448
131657
131880
132034
132056
132158
132224
132272
132296
132327
132348
132353
132374
132498
132588
132614
132756
132926
132944
133118
133142
133284
133304
133313
133616
133790
133928
134024
134052
134074
134484
134577
134580
134770
134812
134840
134988
135000
135152
135282
135370
135390
135392
135398
135506
135560
135576
135682
135753
135782
135924
135968
136094
136186
136400
136505
136522
136664
136697
137150
137174
137240
137340
137382
137513
137520
137528
137626
137696
137940
138084
138113
138128
138264
138272
138298
138392
138425
138504
138562
138778
138852
139238
139286
139304
139498
139507
139718
139896
139980
140098
140170
140288
140366
140388
140554
140568
140576
140888
141154
141163
141278
141344
141473
141593
141756
141816
141944
141974
141996
142064
142154
142282
142306
142572
142690
142872
143068
143144
143170
143358
143386
143408
143580
143650
143770
143777
143890
144104
144150
144374
144680
144706
144944
145330
145352
145496
145572
145832
146102
146264
146480
146496
146582
146666
146674
147156
147542
147704
148064
148110
148190
148286
148476
148577
148856
148958
149118
149146
149376
149419
149561
149624
149792
149936
149947
150110
150278
150296
150424
150542
150588
150590
150872
150897
150920
151024
151056
151112
151224
151308
151336
151574
151608
151640
151762
151872
151880
151930
151963
152150
152194
152266
152270
152336
152450
152456
152510
152672
152770
152825
152880
153172
153266
153274
153336
153392
153536
153582
153729
153751
153848
153878
154136
154145
154434
154530
154648
154688
154716
154904
154932
155210
155222
155530
155576
155792
155995
156052
156254
156264
156320
156322
156326
156392
156449
156595
156630
156704
156824
156881
156898
157160
157496
157500
157616
157808
157862
157890
157928
157981
158120
158222
158232
158236
158489
158504
158534
158582
158616
158648
158659
159058
159230
159257
159274
159322
159398
159442
159566
159650
159792
159824
159898
159944
159946
160088
160166
160232
160424
160496
160590
160625
160736
160754
160882
161006
161026
161312
161720
161840
162200
162278
162416
162660
162778
162842
163234
163242
163376
163592
163642
163904
163934
164000
164146
164168
164184
164384
164462
164606
164720
164846
165158
165180
165220
165283
165512
165542
165628
165752
165974
166400
166610
166644
166793
166954
167026
167092
167192
167222
167484
167526
167528
167602
167624
167664
167697
167744
167764
167846
167960
168152
168576
168680
168724
168787
168824
169064
169178
169212
169368
169520
169836
169976
170007
170120
170166
170266
170292
170460
170539
170576
170630
170672
170698
170888
170961
171002
171163
171274
171402
171418
171608
171756
171826
171830
172016
172064
172380
172433
172496
172548
172765
172787
173000
173218
173299
173464
173480
173654
173750
173930
173952
174200
174224
174368
174446
174464
174480
174491
174658
174728
174792
174992
175448
175454
175522
175930
176122
176144
176268
176294
176384
176618
176731
176792
176844
176912
177043
177058
177074
177176
177464
177494
177588
177638
177656
177708
177896
178018
178058
178064
178114
178121
178280
178448
178529
178638
179048
179078
179126
179144
179336
179528
179700
179816
179921
180034
180056
180296
180355
180492
180523
180708
180728
180912
180944
181132
181352
181448
181524
181599
181617
182048
182216
182264
182504
182513
182672
182746
182770
182818
182904
182960
183134
183200
183464
183590
183686
183824
183920
184208
184448
184578
184740
184790
184952
184994
185270
185318
185336
185481
185514
185696
185724
185912
185916
186104
186204
186226
186274
186470
186586
186730
186752
186864
186944
187016
187046
187066
187376
187488
187496
187526
187544
187736
187742
187746
188114
188360
188388
188508
188552
188633
188640
188720
188888
189176
189204
189300
189346
189420
189464
189848
189864
189878
189996
190018
190184
190352
190387
190424
190622
190638
190688
190928
191018
191081
191102
191146
191153
191216
191312
191342
191510
191552
191698
191738
192010
192056
192134
192156
192200
192216
192224
192336
192344
192412
192420
192488
192494
192780
192874
193050
193147
193280
193310
193404
193424
193448
193694
193760
193904
193963
194290
194294
194316
194347
194360
194386
194554
194624
194984
195024
195082
195152
195346
195368
195418
195580
195624
195778
195826
195992
196016
196136
196520
196564
196596
196634
196688
196699
196771
196824
196930
196959
196976
196980
197073
197096
197144
197244
197288
197345
197432
197528
197696
197786
197794
197822
198200
198272
198492
198562
198680
198968
199136
199140
199162
199352
199402
199524
199529
199694
199712
199784
199814
200414
200532
200552
200762
200816
200960
201048
201200
201326
201344
201355
201872
201876
201916
202136
202352
202450
202612
202712
202856
203048
203092
203240
203432
203462
203504
203572
203650
203744
203748
203808
203842
204106
204120
204154
204224
204276
204490
204608
204610
204872
204972
204998
205016
205136
205188
205208
205224
205402
205424
205520
205598
205952
206024
206203
206268
206338
206362
206432
206677
206784
206892
207344
207440
207536
207802
207876
207968
208002
208162
208236
208306
208330
208356
208736
208784
208902
208928
208972
209120
209192
209244
209338
209489
209580
209648
209683
209696
209912
209966
210014
210032
210398
210512
210706
210920
210929
211046
211066
211092
211094
211260
211402
211446
211502
211636
211649
211690
211898
211904
212150
212242
212246
212794
212958
212966
212980
213056
213204
213224
213368
213512
213562
213778
213902
213920
213970
214020
214158
214208
214260
214352
214450
214479
214498
214522
214546
214786
214808
214963
214976
214992
215076
215216
215360
215506
215602
215770
215792
215916
215966
216008
216172
216176
216324
216464
216752
216992
217160
217234
217286
217424
217500
217664
217810
217832
218006
218028
218068
218074
218184
218264
218480
218496
218624
218698
218721
218740
218923
218988
219590
219713
219752
219880
219946
220090
220098
220188
220230
220322
220376
220409
220568
220721
220736
220904
221196
221222
221676
221792
221816
221827
221988
222104
222182
222350
222370
222488
222730
222920
223164
223291
223352
223368
223400
223610
223664
223718
224082
224192
224262
224264
224576
224642
224700
224868
225032
225062
225091
225148
225487
225542
225656
225756
225768
225800
225846
225848
226136
226300
226328
226339
226400
226668
226786
226790
226800
226808
226860
226928
227000
227040
227096
227790
227810
227864
228056
228209
228272
228754
228796
228918
229040
229044
229282
229308
229378
229472
229502
229740
229784
229932
230030
230174
230196
230198
230336
230376
230390
230416
230450
230568
230642
230827
230892
230947
230984
231154
231254
231368
231398
231590
231608
231806
231920
231962
232208
232289
232416
232472
232496
232548
232712
232728
232808
232880
232896
232930
232937
232956
233048
233194
233288
233528
233556
233640
233714
233722
233744
233768
234200
234368
234492
234708
234848
234994
235032
235034
235452
235570
235574
235713
235746
235880
235910
235994
236102
236270
236330
236382
236512
236528
236696
236818
236964
237034
237488
237763
237868
238162
238171
238280
238313
238644
238656
238865
238906
239194
239208
239216
239234
239408
239456
239577
239744
239904
239936
239982
240161
240368
240536
240634
240748
240800
240835
240888
241160
241236
241386
241594
241711
242078
242096
242220
242315
242410
242596
242600
242628
242923
242936
243008
243012
243106
243128
243130
243137
243296
243322
243542
243706
243800
243881
243898
244088
244128
244232
244356
244490
244666
244690
244692
244706
245112
245120
245172
245242
245362
245366
245414
245582
245624
245654
245680
245788
245966
246032
246276
246296
246464
246523
246829
246872
246905
246924
247040
247137
247164
247208
247216
247298
247524
247616
247634
247985
248024
248054
248160
248192
248308
248624
248773
248822
248912
249124
249144
249154
249224
249398
249440
249466
249490
249728
249758
249824
250376
250548
250740
250904
251074
251275
251371
251393
251820
251916
251921
251960
252056
252132
252257
252590
252608
252617
252689
252752
252804
252830
252907
252944
253561
253616
253690
253860
253910
253980
254216
254768
254858
254912
255200
255276
255418
255466
255504
255848
256066
256474
256850
257042
257074
257216
257290
257314
257480
257676
257798
257844
257984
258128
258132
258248
258252
258278
258283
258392
258684
258758
259038
259090
259160
259328
259378
259426
259474
259496
259880
259982
260002
260148
260240
260428
260460
260528
260672
260849
260892
261026
261072
261172
261226
261320
261475
261488
261560
261593
261660
261782
261828
261896
261905
262064
262164
262832
262862
262910
263072
263098
263312
263321
263360
263508
263674
263722
263888
263918
264126
264128
264206
264344
264353
264528
264662
264706
264730
264872
264926
264944
264948
264994
265118
265208
265378
265400
265404
265496
265572
265620
265904
265982
266194
266369
266528
266563
266598
266658
266960
267109
267182
267379
267464
267544
267588
267632
267710
267778
267785
267800
267828
268010
268018
268188
268214
268664
268758
269000
269030
269090
269098
269120
269124
269258
269266
269312
269419
269448
269486
269606
269624
269772
269816
269892
269936
269956
269962
270086
270146
270152
270182
270314
270370
270392
270536
270776
270824
271190
271262
271502
271520
271664
271692
271747
271814
272072
272122
272192
272203
272366
272630
272719
272770
272816
273032
273176
273288
273290
273344
273372
273386
273398
273446
273562
273600
273632
273758
273802
273900
273998
274080
274402
274522
274524
274540
274716
274736
274954
275002
275174
275192
275360
275432
275550
275604
275624
275722
276202
276250
276274
276326
276473
276588
276680
276772
276896
277088
277138
277256
277402
277428
277544
277625
277644
277738
277808
277886
278033
278048
278314
278336
278376
278390
278434
278604
278912
279176
279324
279560
279564
279634
279638
279800
279948
279968
280018
280142
280304
280464
280496
280616
281024
281216
281506
281548
281568
281574
281648
281698
281864
281880
281888
282038
282062
282226
282302
282320
282350
282488
282739
282848
282896
282950
283274
283424
283454
283496
283507
283760
283830
283856
284000
284102
284364
284408
284432
284520
284598
284624
284681
284816
285032
285080
285106
285368
285593
285610
285656
285686
285708
285734
285872
286064
286086
286094
286152
286217
286306
286330
286529
286584
286592
286730
286760
286834
286836
287042
287112
287390
287624
287958
288080
288137
288209
288272
288392
288403
288490
288514
288536
288696
288726
288752
288924
288992
289003
289166
289202
289260
289540
289664
289692
289996
290192
290238
290340
290402
290552
290910
290940
290966
291014
291058
291104
291348
291438
291440
291492
291528
291612
291722
291898
291994
292128
292184
292358
292376
292400
292422
292690
292952
292976
292987
293048
293064
293294
293342
293360
293976
294132
294168
294278
294516
294752
294857
294926
294968
295214
295304
295450
295472
295520
295574
295740
295872
296096
296304
296360
296648
296840
296969
297012
297336
297362
297420
297498
297570
297611
297728
297946
297970
298018
298090
298140
298156
298348
298402
298596
298622
298670
298688
298718
298848
298850
298858
298880
299020
299124
299216
299266
299269
299292
299328
299432
299532
299633
300008
300425
300440
300752
300914
300944
301256
301258
301267
301640
301668
301812
301880
301930
302162
302170
302196
302198
302696
302700
302792
302984
303128
303248
303296
303324
303355
303566
303630
304116
304147
304256
304568
304644
304808
304910
305192
305340
305424
305530
305539
305552
305657
305788
305912
305947
306056
306067
306163
306185
306200
306254
306272
306326
306374
306442
306488
306656
306665
306852
306944
306972
307064
307160
307350
307352
307358
307382
307498
307670
307736
307762
307886
308100
308247
308316
308578
308648
308656
308842
308976
309056
309202
309270
309490
309492
309728
309752
309872
310064
310176
310404
310668
310670
310808
310834
311076
311552
311672
311748
311798
311984
312106
312130
312152
312296
312342
312464
312492
312562
312632
312658
312684
312994
313068
313114
313118
313166
313208
313238
313256
313498
313976
314042
314078
314122
314312
314384
314532
314628
314654
314672
314744
314796
314912
315176
315182
315185
315204
315248
315608
315948
315990
316016
316209
316448
316616
316627
316740
316832
316906
316934
317088
317170
317242
317352
317474
317700
317760
317774
317792
317914
317968
318032
318080
318090
318350
318396
318584
318824
318850
318859
318926
318953
319068
319214
319304
319308
319344
319424
319454
319531
319664
319828
319904
319976
320000
320011
320072
320172
320232
320266
320288
320462
320484
320700
320721
320792
320822
321032
321104
321154
321178
321758
322212
322664
322800
322838
322904
323026
323090
323120
323150
323288
323386
323456
323484
323510
323560
323648
323681
323700
323888
323938
324152
324366
324518
324546
324585
324656
324758
324818
324872
324922
324994
325021
325060
325112
325147
325284
325376
325544
325742
326028
326155
326174
326196
326286
326294
326552
326770
326912
326936
326942
327012
327032
327224
327266
327538
327564
327888
327896
327926
328016
328066
328210
328217
328256
328380
328520
328712
328776
329150
329198
329203
329240
329476
329770
329818
329834
329894
329940
330128
330218
330360
330392
330590
330656
330702
330758
330848
331208
331282
331304
331498
331644
331792
331952
331978
331982
332072
332102
332270
332336
332408
332552
332580
332888
333032
333176
333216
333298
333488
333506
333542
333582
333588
333626
333730
333800
333816
333905
334064
334188
334304
334446
334483
334572
334800
334826
334832
334928
335264
335297
335358
335496
335600
335816
335864
335880
336010
336040
336298
336320
336512
336523
336612
336704
336902
337016
337020
337210
337282
337352
337456
337497
337544
337928
338000
338360
338456
338652
338659
338912
338918
339006
339152
339180
339296
339470
339532
339560
339728
339782
339866
339896
339922
340260
340304
340334
340402
340452
340544
340788
340876
340880
341048
341057
341098
341168
341192
341364
341406
341434
341705
341792
341851
341892
342137
342274
342300
342488
342588
342610
342728
342824
342920
342950
342962
343472
343640
343808
344150
344336
344392
344480
344500
344532
344561
344696
344702
344820
344840
344914
345054
345300
345403
345536
345704
345708
345944
346136
346304
346426
346664
346880
347024
347028
347122
347316
347390
347456
347680
347696
347840
347936
348272
348442
348512
348564
348634
348656
348792
348824
349066
349238
349356
349464
349472
349502
349516
349620
349646
349664
349832
350144
350150
350232
350242
350336
350414
350513
350554
350576
350580
350760
350792
350842
350892
350904
350995
351336
351594
351774
351802
351870
351920
351962
352136
352152
352236
352448
352472
352592
352596
352786
352880
353096
353211
353220
353264
353294
353384
353584
353600
353714
353722
354067
354128
354200
354326
354416
354590
354684
354704
354820
354946
354948
354968
354994
355008
355016
355042
355230
355256
355564
355627
355664
355704
355712
355784
355790
355817
356072
356122
356129
356288
356328
356504
356770
356772
356779
357322
357488
357588
357754
357776
357780
357920
358112
358256
358400
358474
358602
358666
359024
359196
359394
359432
359462
359480
359648
359821
359984
360048
360200
360320
360416
360468
360506
360602
360656
360968
360993
361092
361138
361226
361256
361426
361448
361498
361732
361790
361808
361812
361958
362096
362112
362746
362840
363028
363036
363050
363128
363488
363665
363702
363914
363940
363992
364066
364160
364190
364409
364494
364502
364568
364620
364760
364860
365024
365142
365168
365242
365268
365312
365323
365400
365414
365426
365484
365530
365712
365912
365923
366032
366180
366386
366470
366570
366800
366920
366944
367160
367284
367376
367472
367550
367976
368168
368196
368336
368408
368514
368604
368768
368856
369056
369329
369464
369560
369610
369711
369818
369826
370214
370280
370616
370632
370712
370739
370764
370915
371016
371024
371026
371059
371074
371275
371362
371524
371530
371554
371750
371768
371784
371960
372288
372296
372386
372416
372420
372488
372510
372516
372584
372680
372713
372722
372872
372968
373066
373088
373272
373280
373282
373376
373712
373876
373880
373932
373954
374059
374088
374096
374179
374220
374290
374360
374432
374441
374556
374676
374698
374912
375192
375274
375368
375752
375948
375970
376280
376448
376496
376594
376598
376618
376664
377128
377192
377460
377500
377592
377696
377724
377728
377746
378106
378110
378115
378296
378346
378394
378538
378580
378704
378778
378822
378848
378872
378968
379066
379372
379512
379526
379568
379932
380030
380051
380124
380292
380360
380528
380594
380696
380808
380888
381104
381440
381696
381898
381992
381994
382042
382064
382356
382738
382817
383126
383136
383218
383240
383600
383630
383870
383914
383988
384466
384636
384984
384992
385188
385544
385646
385760
385814
385886
385910
385976
386168
386198
386246
386294
386312
386320
386358
386460
386472
386480
386648
386792
386888
386918
387012
387032
387398
387403
387492
387536
387564
387568
387638
387704
387720
387802
387994
388136
388306
388328
388448
388576
388592
388784
388908
389742
389744
389960
390098
390128
390296
390368
390809
390894
390898
390924
390968
390984
390994
391070
391171
391232
391234
391352
391370
391404
391464
391627
391786
391812
392052
392208
392240
392312
392364
392524
392556
392768
392918
392928
392936
392966
392988
393368
393401
393512
393872
394040
394530
394666
394740
394819
394886
395000
395140
395216
395242
395312
395504
395624
395846
395870
395888
395962
395966
395971
395984
396008
396036
396152
396392
396688
396708
396752
396804
396850
396898
397003
397040
397114
397138
397142
397280
397544
397608
397640
397686
398076
398340
398456
398513
398592
398816
398832
398890
398912
398914
398986
399008
399198
399440
399490
399614
399758
399848
399996
400208
400216
400236
400258
400382
400387
400524
400592
400612
400692
400832
400872
400952
401011
401044
401048
401168
401234
401292
401552
402080
402152
402161
402244
402296
402322
402562
402728
402739
402992
403112
403280
403306
403332
403520
403688
403928
404094
404120
404460
404608
404672
404698
404746
404864
404888
405086
405104
405156
405235
405329
405392
405396
405514
405590
405608
405636
405638
405732
405776
405808
405900
406016
406142
406232
406496
406640
406980
407000
407008
407088
407096
407148
407179
407266
407275
407288
407400
407432
407441
407478
407510
407552
407592
407652
407820
407834
407984
408034
408444
408446
408518
408542
408628
408704
408970
409040
409136
409226
409308
409368
409400
409664
409712
409769
409880
410072
410246
410432
410620
410744
410912
411124
411152
411158
411266
411320
411322
411560
411792
411794
411800
411806
411830
412010
412232
412289
412496
412616
412836
412862
412952
412968
413026
413192
413364
413418
413668
413696
413726
413864
414012
414041
414161
414314
414344
414456
414542
414728
414794
414968
415306
415400
415476
415592
415736
415886
415913
415928
416016
416048
416114
416168
416576
416654
416744
416748
417041
417146
417154
417536
417608
417710
417824
417828
417841
417898
418158
418208
418544
418560
418638
418776
418880
419347
419510
419600
419868
419960
420290
420366
420566
420606
420636
420776
420996
421042
421104
421308
421424
421540
421608
421620
421856
421908
422024
422048
422098
422292
422318
422347
422456
422554
422720
422746
422952
423058
423228
423632
423800
423944
424049
424064
424232
424452
424496
424699
424810
424832
424858
424872
424934
425090
425120
425124
425168
425190
425198
425208
425260
425264
425408
425550
425840
426084
426158
426344
426512
426590
426803
426905
427010
427214
427232
427400
427572
427817
427910
428160
428312
428342
428347
428388
428640
428696
428846
428984
428992
429008
429176
429305
429372
429704
429802
430094
430134
430690
430808
430834
430858
430932
431072
431194
431384
431430
431432
431460
431624
431718
431720
431722
431940
432026
432056
432134
432176
432250
432360
432393
432658
432848
433206
433308
433334
433380
433572
433642
433760
433766
433786
433834
433848
434120
434122
434129
434160
434414
434462
434534
434678
434816
434846
434873
435032
435156
435172
435200
435276
435720
435802
435904
435968
436162
436446
436598
436621
436742
436904
437124
437146
437155
437244
437275
437352
437360
437388
437456
437576
437696
437722
437770
437792
437984
438152
438226
438274
438360
438403
438444
438512
438632
438800
438872
438898
438902
438946
438968
439184
439474
439490
439546
439644
439740
439856
440054
440098
440102
440107
440178
440274
440466
440576
440840
441014
441062
441104
441252
441432
441488
441547
441682
441704
442068
442118
442310
442328
442428
442544
442670
442784
442908
443030
443052
443160
443288
443345
443360
443393
443508
443720
443779
443792
444004
444350
444612
444656
444992
445136
445328
445350
445474
445670
445776
446000
446030
446078
446096
446292
446528
446557
446628
446696
447067
447078
447192
447226
447360
447392
447420
447446
447584
447600
447806
447824
447898
448064
448097
448289
448304
448601
448808
448936
449004
449198
449244
449314
449432
449496
449552
449582
449698
449770
449832
449889
450074
450156
450170
450187
450374
450547
450584
450648
450780
450950
450968
450972
450998
451291
451304
451400
451418
451546
451742
451784
452238
452264
452482
452652
452768
453200
453416
453540
453545
453656
453686
453848
454003
454016
454056
454097
454112
454186
454224
454448
454568
454646
454664
454906
454978
455216
455288
455552
455602
455650
455724
456032
456204
456604
456636
456656
456780
456835
456864
457016
457112
457186
457502
457570
457598
457760
458172
458312
458443
458480
458508
458774
458788
458838
458888
458928
458971
459224
459298
459346
459512
459650
459686
459708
459763
459888
459896
460020
460070
460075
460193
460356
460406
460424
460592
460694
460784
460889
460928
461203
461260
461432
461624
461698
461720
461960
462038
462086
462451
462456
462464
462736
462778
462896
462948
463088
463147
463368
463496
463808
464054
464094
464166
464408
464434
464440
464768
464840
464966
464971
465080
465182
465209
465254
465396
465464
465547
465590
465830
465874
465896
466086
466136
466236
466256
466400
466430
466457
466474
466568
466760
466817
466952
467150
467170
467186
467220
467306
467419
467484
467553
467576
467674
467676
467722
467744
467846
468008
468026
468060
468089
468254
468346
468588
468968
469064
469305
469376
469670
469819
469880
469906
469972
470004
470126
470174
470720
470766
470798
470864
470960
470962
471174
471274
471298
471560
471656
471868
471876
471878
472088
472428
472472
472612
472808
473024
473100
473242
473260
473264
473417
473582
473600
473606
473648
473792
474110
474154
474176
474273
474278
474560
474650
474854
474874
474878
474946
475208
475308
475352
475440
475444
475472
475640
475692
475786
475848
475856
475958
476172
476216
476288
476330
476454
476482
476654
476736
476882
476894
476923
477032
477062
477067
477096
477320
477399
477436
477438
478042
478160
478193
478256
478289
478424
478440
478592
478632
478638
478872
478930
479048
479105
479178
479240
479362
479384
479410
479498
479504
479587
479592
479601
479652
479816
479914
479986
480008
480128
480156
480584
480612
480641
480804
480824
480992
481090
481234
481376
481472
481610
481670
481712
481885
481952
482016
482072
482264
482290
482528
482654
482774
482777
482796
482847
482888
482904
482912
482918
483080
483368
483372
483398
483490
483584
483761
484003
484186
484262
484308
484524
484544
484712
484858
484928
485384
485410
485432
485436
485532
485984
486080
486224
486445
486540
486698
486710
487040
487160
487214
487284
487334
487472
487838
487952
488216
488678
488746
488784
488792
488820
488864
489144
489146
489180
489490
489578
489614
489662
489730
489800
489850
489872
490016
490358
490406
490430
490454
490526
490598
490640
491026
491096
491336
491376
491460
491476
491482
491530
491556
491770
491818
491844
491942
491986
492012
492038
492200
492233
492252
492446
492593
492654
492656
492704
492732
492866
492924
493256
493258
493260
493346
493426
493448
493507
493736
493812
493838
494312
494486
494504
494657
494742
494792
494936
495113
495200
495584
495704
495785
495840
495872
496016
496152
496392
496520
496538
496572
496675
496814
496854
497100
497123
497144
497170
497194
497361
497472
497892
497918
497928
497947
497984
498110
498224
498320
498536
498691
498800
498840
498896
499016
499090
499162
499184
499214
499286
499334
499505
499640
499756
499782
499812
499856
499928
499978
500048
500057
500146
500288
500480
500496
500682
500772
500840
500940
501000
501008
501010
501416
501490
501528
501560
501922
501944
502136
502448
502512
502568
502710
502712
502740
503066
503150
503580
503587
503624
503716
503720
503750
503792
503882
503932
503940
504017
504330
504566
504569
504660
504730
504800
504804
504857
504968
505136
505328
505526
505712
505886
505889
506048
506264
506347
506504
506529
506696
506744
506884
506912
506962
507034
507152
507162
507490
507516
507898
508496
508526
508529
508706
508712
508930
508987
509107
509194
509266
509312
509410
509722
509960
509988
510057
510152
510192
510272
510540
510752
510854
510960
510968
510997
511160
511400
511496
511572
511692
511884
512070
512170
512192
512360
512534
512550
512556
512777
512976
513056
513060
513178
513302
513368
513398
513576
513632
513802
513852
513992
514136
514298
514472
514616
514666
514790
514876
514880
514956
515480
515576
515592
515606
515650
515779
515791
515918
516032
516088
516158
516200
516264
516344
516368
516422
516750
516780
516946
517088
517146
517308
517472
517494
517502
517528
517568
517664
517721
517808
517812
517906
517930
517976
518002
518244
518602
518792
518868
519200
519344
519348
519488
519492
519494
519497
519632
519776
519816
519890
519900
519944
519984
520195
520304
520424
520764
520856
521048
521078
521122
521384
521474
521657
521720
521888
521890
521960
522200
522442
522604
522715
522752
522772
522780
522798
522975
523044
523140
523256
523784
523790
523910
523928
524096
524292
524384
524462
524633
524744
524908
524936
525036
525540
525584
525652
525800
525850
526020
526164
526358
526524
526536
526544
526692
526766
526835
527002
527026
527064
527072
527386
527410
527480
527587
527648
527794
528272
528307
528438
528490
528560
528616
528826
528848
528874
529056
529082
529088
529136
529400
529616
529896
529928
529994
530094
530144
530150
530240
530290
530456
530482
530506
530508
530628
530702
530748
530816
530868
530936
530966
531012
531096
531158
531377
531420
531440
531442
531770
531824
532020
532064
532136
532284
532376
532442
532520
532598
532664
532692
532910
532934
532972
533068
533122
533376
533600
533633
533635
533672
533676
533798
533844
533864
533916
533966
534010
534043
534270
534272
534322
534344
534571
534680
534706
534798
534968
535016
535020
535402
535664
535668
535836
535862
535982
536000
536076
536131
536144
536234
536288
536328
536434
536600
536626
536678
536988
537176
537226
537344
537490
537512
537538
537728
537944
538258
538306
538496
538500
538834
538874
538912
538928
538932
539030
539096
539408
539434
539748
539774
539822
540104
540312
540372
540392
540826
540874
540949
541075
541214
541328
541529
541548
541584
541640
541642
541718
541866
541982
542066
542096
542162
542174
542467
542712
542720
543058
543080
543228
543274
543514
543656
543804
544016
544256
544262
544402
544430
544594
544616
544722
544736
544983
545018
545192
545336
545508
545672
545796
546204
546272
546296
546312
546392
546744
546776
546804
546830
547118
547121
547136
547160
547272
547330
547352
547544
547555
547594
547618
547675
547788
547902
547954
548002
548120
548148
548242
548316
548347
548360
548443
548460
548472
548552
548582
548820
548890
548960
549000
549100
549416
549494
549542
549584
549776
549824
549950
550118
550356
550382
550522
550544
550768
550882
550958
551172
551318
551360
551694
551702
551794
552176
552248
552368
552394
552442
552595
552628
552632
552702
552728
552761
552800
552992
553280
553424
553450
553642
553690
553786
553875
553952
554050
554146
554275
554434
554624
554792
554995
555158
555230
555272
555307
555608
555665
555907
555920
555936
556038
556046
556187
556250
556304
556544
556616
556688
556730
557054
557144
557201
557246
557264
557408
557441
557578
557600
557602
557674
557936
557993
558134
558252
558370
558420
558536
558562
558752
558754
558955
559310
559520
559536
560188
560192
560336
560677
560736
560779
560864
560921
561008
561104
561324
561390
561632
561752
561826
561950
562104
562145
562332
562358
562360
562450
562520
562651
562686
562838
562982
563112
563144
563190
563201
563390
563419
563432
563654
563674
563798
563846
563892
563894
564368
564530
564680
564684
564872
564878
565012
565040
565049
565328
565354
565478
565568
565596
565736
565958
566024
566050
566242
566264
566366
566618
566688
566816
566836
567002
567206
567224
567368
567464
567632
567800
567876
568050
568212
568304
568424
568435
568454
568550
568592
568706
568708
568760
568832
568952
569148
569240
569432
569722
569750
569846
569892
569962
569984
570010
570104
570124
570134
570248
570296
570360
570368
570436
570464
570602
570960
571094
571184
571450
571498
571577
571738
571786
571932
572144
572624
572666
572810
573152
573272
573276
573298
573368
573584
573638
573960
574162
574188
574286
574524
574544
574788
574952
575076
575120
575148
575240
575275
575432
575489
575528
576242
576296
576370
576494
576608
576706
576852
576864
576896
576990
577016
577060
577184
577250
577313
577374
577378
577502
577596
577618
577625
577642
577712
577814
577976
578096
578219
578626
578936
579012
579200
579278
579346
579394
579434
579442
579464
579490
579518
579750
580352
580376
580544
580584
580664
580682
580723
580754
580808
580872
580956
581048
581528
581578
581626
581650
581666
581698
581768
582012
582019
582156
582248
582324
582344
582492
582586
582614
582656
582776
582792
582828
582872
583058
583376
583544
583598
583603
583692
583832
583836
583952
584203
584312
584410
584436
584528
584534
584585
584700
584870
584888
584934
585120
585130
585248
585252
585344
585632
585850
585924
586070
586092
586118
586147
586160
586200
586236
586291
586328
586574
586592
586764
586794
586834
586958
587030
587050
587146
587480
587700
587792
587873
587890
588248
588562
588800
588968
588998
589112
589118
589147
589214
589402
589430
589592
589620
589760
589884
589891
589902
589976
590103
590168
590172
590251
590371
590530
590546
590574
590600
591008
591038
591096
591281
591296
591348
591364
591370
591582
591584
591654
591656
591754
591778
591859
591866
592190
592616
592690
592738
592764
592856
592976
593174
593192
593576
593674
593892
593984
594038
594080
594248
594257
594464
594490
594734
594782
594832
595026
595092
595132
595160
595296
595310
595339
595352
595464
595500
595610
595632
595710
595738
595800
595808
595956
595976
596016
596184
596192
596312
596321
596352
596472
596528
596600
596640
596748
596832
596866
596888
596914
597011
597056
597060
597072
597288
597300
597320
597440
597456
597600
597608
597744
597896
597900
597912
597946
597968
598080
598090
598136
598158
598248
598344
598376
598452
598536
598568
598594
598754
598824
598878
598962
599096
599125
599198
599220
599288
599336
599364
599633
599752
599923
600128
600296
600440
600558
600612
600776
600826
601066
601070
601088
601190
601232
601256
601262
601352
601478
601500
601544
601832
601976
602120
602154
602234
602288
602386
602390
602434
602650
602936
603104
603180
603272
603416
603446
603560
603979
603992
604164
604256
604332
604500
604904
604912
605120
605124
605218
605288
605392
605480
605744
606032
606176
606320
606536
606639
606758
606776
606796
606798
606802
606826
606846
606954
607064
607186
607258
607426
607638
607642
607690
607763
607808
608059
608098
608268
608478
608530
608642
608670
608700
608770
609012
609086
609754
609878
609944
610130
610286
610308
610402
610459
610514
610577
610932
610980
611150
611314
611386
611606
611678
611916
612017
612106
612324
612346
612442
612490
612595
612811
613027
613572
613670
613961
613980
613987
614222
614227
614510
614968
615160
615352
615610
615660
615712
616000
616168
616336
616600
616841
616996
617004
617032
617200
617368
617515
617920
618112
618708
618948
619932
620053
620197
621012
621611
621803
621874
