7341
33
272
345
544
609
639
728
1088
1161
1569
1592
1935
2097
2120
2720
2729
2912
2937
3056
3183
3248
3312
3543
3566
3632
3768
3946
3993
4464
4592
4608
4690
4858
5056
5120
5224
5312
5392
5472
5600
5656
5912
5952
5968
5986
6233
6448
6835
6848
6952
7238
7240
7256
7330
7352
7456
7672
7712
7960
8096
8488
9176
9211
9296
9632
9665
9682
9704
9752
9824
9936
10016
10090
10097
10169
10304
10544
10574
10592
10625
11002
11098
11184
11192
11314
11456
11534
11552
11744
11816
12000
12368
12608
12902
13074
13164
13182
13332
13402
13426
13502
13568
13808
13867
14114
14240
14244
14360
14432
14480
14720
14777
14803
14864
14894
14936
15110
15182
15259
15318
15324
15425
15464
15634
15810
15818
15846
16026
16112
16114
16162
16186
16280
16378
16426
16474
16496
16546
16771
16788
16865
16980
16985
17002
17096
17126
17144
17218
17294
17342
17346
17460
17604
17630
17698
17724
17816
17849
17960
18060
18180
18320
18348
18540
18684
18776
18907
18924
18968
19256
19356
19548
19646
19668
19714
19736
19904
19956
20000
20120
20340
20432
20556
20576
20724
20744
20866
20880
20888
20892
20960
21084
21152
21180
21348
21464
21514
21536
21554
21660
21802
21835
21850
21852
22020
22094
22112
22162
22166
22184
22284
22470
22472
22608
22620
22640
22752
22793
22908
23100
23216
23354
23388
23552
23676
23792
23800
23844
23886
23988
24106
24326
24344
24398
24490
25016
25048
25090
25138
25160
25424
25572
25616
25736
25906
25928
26124
26144
26212
26216
26332
26432
26496
26504
26548
26648
26666
26692
26696
26705
26739
26822
26884
26980
27032
27148
27200
27216
27324
27388
27464
27556
27638
27748
27878
27916
27968
27970
28068
28084
28094
28258
28324
28380
28488
28492
28618
28636
28644
28680
28688
28876
28880
28904
29088
29116
29120
29138
29246
29308
29388
29476
29504
29624
29664
29678
29681
29692
29720
29764
29912
29932
29942
30080
30082
30172
30180
30298
30316
30536
30562
30830
30896
31088
31128
31232
31402
31428
31454
31498
31718
31760
31838
31928
32026
32220
32240
32256
32408
32480
32506
32676
32888
32918
33008
33080
33134
33138
33204
33355
33440
33466
33560
33800
34112
34304
34404
34550
34568
34598
34646
34664
34743
34763
34928
35058
35078
35162
35432
35556
35818
36008
36086
36098
36108
36152
36274
36322
36512
36536
36656
36872
37008
37014
37016
37068
37086
37099
37121
37256
37424
37577
37784
37952
37954
38408
38696
38888
38914
38962
39086
39105
39113
39176
39192
39206
39246
39392
39418
39704
39948
40022
40075
40193
40232
40358
40411
40488
40588
40592
40760
40790
40838
40888
40928
41000
41192
41242
41266
41366
41476
41504
41602
41616
41628
41648
41816
41914
42080
42345
42584
42708
42748
42876
43044
43184
43352
43520
43598
43738
44120
44194
44220
44312
44332
44347
44352
44384
44578
44696
44912
44938
45080
45228
45294
45312
45344
45446
45516
45521
45560
45905
46256
46428
46444
46520
46596
47122
47196
47288
47356
47388
47552
47616
47624
47648
47754
47816
47882
47890
47936
47954
48000
48128
48233
48396
48408
48464
48632
48776
48802
48804
48896
48992
49090
49112
49262
49304
49339
49400
50040
50144
50400
50408
50606
50674
50692
50720
50816
50892
50970
50978
51216
51634
51658
51682
51726
51730
51824
51992
52040
52406
52584
52616
52662
52718
52834
52854
52908
53384
53504
53594
53600
53770
53792
53864
54058
54180
54350
55112
55352
55356
55400
55433
55638
55640
55754
55808
55889
56072
56288
56306
56340
56816
56894
56986
56993
57152
57350
57542
57608
57680
57776
58396
58614
58616
58786
58804
58812
58872
58958
59194
59198
59221
59236
59318
59328
59340
59369
59474
59528
59724
59768
59875
59984
60036
60104
60320
60353
60394
60442
60512
61016
61186
61280
61448
61618
61736
61944
61980
62072
62192
62256
62624
62632
62822
62944
63008
63104
63139
63178
63248
63350
63376
63566
63656
63710
63720
63730
63734
63758
63848
64134
64136
64308
64352
64424
64520
64620
64664
64690
64852
64976
65050
65240
65462
65552
65650
65696
65940
65984
66050
66064
66104
66120
66204
66416
66420
66536
66590
66728
66778
66818
67080
67320
67398
67496
67640
67958
68044
68046
68050
68072
68240
68316
68360
68604
68724
68796
68990
69008
69010
69036
69296
69451
69516
69584
69586
69667
69682
69704
69804
70118
70195
70376
70466
70474
70603
70692
70760
70828
70856
70906
70922
70944
70954
71074
71081
71123
71408
71606
71630
71654
71796
71912
72200
72278
72408
72586
72710
72806
72968
73002
73092
73358
73646
73664
73915
73958
74048
74120
74240
74336
74506
74528
74530
74864
75008
75010
75036
75056
75257
75440
75680
75778
75786
75804
75920
75994
76092
76212
76376
76592
76627
76730
76832
76872
76962
77220
77312
77410
77426
77436
77458
77648
77894
77932
77958
78182
78272
78418
78440
78466
78514
78540
78632
78800
78992
79003
79042
79332
79472
79618
79754
79817
79928
79982
80006
80120
80240
80246
80314
80323
80386
80480
80510
80558
80888
81056
81058
81427
81541
81612
81656
81682
81806
81972
81998
82010
82236
82352
82400
82569
82686
82688
82832
82968
82980
83072
83242
83264
83438
83482
83672
83982
84080
84320
84331
84396
84512
84998
85040
85092
85138
85182
85320
85352
85380
85790
85832
85834
85906
85913
86072
86088
86122
86129
86360
86506
86748
86794
86906
86952
87080
87154
87278
87326
87338
87344
87368
87497
87560
87628
87650
87778
87798
87824
88008
88016
88112
88496
88664
88666
88784
88928
89022
89120
89218
89417
89484
89784
89899
90026
90080
90096
90106
90209
90416
90608
90706
90732
90840
90858
90974
91058
91086
91088
91426
91478
91760
91952
91998
92216
92323
92462
92702
92750
92914
93084
93091
93104
93408
93466
93514
93754
93776
93802
93926
93968
94064
94147
94712
94734
94742
94856
94858
95072
95434
95436
95476
95654
95702
95816
96060
96331
96394
96512
96600
96636
96638
96698
96833
97034
97128
97236
97280
97424
97454
97592
97740
97898
97982
98088
98216
98340
98382
98480
98554
98602
98664
98698
98866
98888
98928
99008
99254
99326
99348
99376
99418
99444
99542
99562
99776
99802
99824
99992
100138
100352
100640
100769
101030
101072
101105
101160
101270
101292
101318
101366
101414
101432
101462
101532
101712
101744
101840
102010
102019
102106
102203
102274
102654
102696
102994
103289
103352
103592
103603
103760
103930
103934
104040
104076
104176
104438
104744
104904
104912
105034
105106
105248
105250
105278
105372
105442
105464
105810
105896
105905
105936
105948
106118
106136
106256
106536
106546
106568
106764
106928
107011
107194
107264
107314
107318
107380
107410
107434
107720
107990
108126
108442
108612
108674
108728
108739
108754
109068
109136
109162
109288
109328
109426
109502
109728
109760
109882
109930
109978
110026
110048
110122
110336
110393
110414
110426
110674
110868
110875
111008
111230
111300
111392
111560
111610
111888
111950
112180
112472
112566
112592
112738
112764
112953
113048
113074
113114
113484
113648
113962
114617
114632
114968
114994
115352
115387
115476
115483
115592
115642
115764
115904
115946
116054
116506
116528
116537
116558
116776
116840
117062
117084
117122
117178
117211
117398
117464
117466
117641
117652
117660
117778
117857
118090
118182
118184
118424
118670
118736
118904
119088
119146
119216
119340
119434
119456
119648
119676
119888
119923
119960
120180
120296
120304
120360
120368
120514
120542
120664
120672
120680
121062
121136
121142
121186
121234
121265
121344
121348
121380
121394
121402
121544
121712
122000
122100
122310
122426
122609
122730
122768
122842
122916
123139
123320
123394
123608
123748
123824
123859
123946
124116
124136
124232
124304
124376
124400
124450
124457
124474
124560
124814
124832
124910
125000
125050
125432
125626
125674
125753
125768
125784
125936
126178
126200
126418
126542
126752
126944
127128
127304
127382
127424
127684
127856
128048
128052
128216
128218
128432
128465
128520
128648
128676
128960
129006
129104
129163
129362
129512
129656
129734
129739
129776
129896
129898
129946
129968
130016
130184
130290
130362
130478
130568
130668
130704
130832
130972
131024
131100
131192
131290
131387
131408
131414
131552
131654
131696
131705
131774
131794
131842
132185
132420
132440
132560
132676
132752
132824
133056
133114
133280
133306
133704
133714
133946
134000
134016
134168
134513
134576
134690
134814
134818
134825
134888
134984
135084
135086
135110
135281
135504
135536
135560
135590
135752
135992
136058
136232
136310
136506
136526
136586
136692
136880
136926
136930
137100
137220
137774
137792
137964
138106
138252
138272
138536
138678
138920
139206
139402
139420
139422
139434
139568
139670
139706
139740
139760
139769
139812
139850
140048
140078
140244
140312
140428
140681
140698
140792
140962
140986
141053
141132
141176
141257
142064
142106
142140
142328
142334
142356
142358
142378
142418
142734
142760
142790
142884
143432
143600
143652
143659
143847
143864
144012
144067
144104
144110
144176
144392
144656
144662
144776
144842
145044
145094
145136
145154
145546
145568
145610
145642
145786
145908
146016
146066
146096
146124
146624
146704
146760
146864
146964
147128
147130
147200
147206
147224
147392
147512
147530
147824
147853
147920
147950
148142
148208
148284
148448
148464
148644
148736
148920
148952
149088
149122
149172
149414
149480
149486
149626
149635
149698
149771
149816
149882
149888
150182
150226
150250
150424
150464
150468
150608
150708
150752
150850
150920
151308
151387
151668
151720
151832
151904
151928
152120
152432
152792
152890
152990
153178
153180
153314
153344
153422
153449
153488
153630
153638
153680
153706
153752
154094
154162
154232
154387
154474
154522
154536
154548
154592
154788
154808
154932
154936
155026
155098
155264
155312
155648
156056
156161
156272
156274
156584
156880
156890
156892
156938
157040
157118
157332
157636
157664
157736
157930
157934
158101
158150
158192
158391
158698
158768
158984
158986
158990
158995
159176
159204
159216
159218
159272
159403
159512
159540
159545
159876
159996
160066
160356
160406
160446
160568
160764
160832
160906
161081
161096
161264
161292
161594
161722
161770
161792
161942
161990
162176
162536
162702
162804
162872
162920
162994
163114
163238
163280
163286
163372
163496
163998
164000
164104
164160
164192
164270
164275
164294
164384
164534
164720
164910
164918
164969
165098
165128
165132
165178
165242
165252
165422
165504
165512
165704
165800
165816
165850
165898
165946
165968
166016
166073
166136
166212
166238
166546
166649
166675
166832
166932
167026
167048
167240
167528
167960
168344
168350
168468
168636
168978
169096
169284
169330
169406
169483
169488
169520
169566
169664
169808
169902
169904
170034
170096
170312
170506
170528
170768
170825
170930
171026
171158
171224
171228
171392
171400
171540
171566
171582
171634
171798
171806
171824
171960
172016
172152
172160
172260
172330
172370
172428
172507
172544
172854
173052
173144
173160
173270
173360
173672
173840
173914
174008
174038
174096
174374
174392
174656
174960
175178
175232
175544
175562
175692
175928
175956
176066
176072
176242
176312
176362
176537
176672
176681
176696
176722
176746
176936
176993
177194
177264
177372
177392
177582
177594
177824
177902
177928
177938
177944
177968
177984
178064
178195
178272
178280
178304
178668
178992
179000
179050
179174
179222
179264
179275
179600
179746
179988
180278
180298
180368
180449
180498
180615
180704
180944
181042
181044
181368
181520
181522
181531
181546
181688
181721
181843
181856
181976
181982
182022
182144
182314
182338
182360
182892
182938
183252
183350
183416
183446
183584
183660
183905
183944
184208
184232
184424
184616
184644
184688
184882
185072
185148
185174
185400
185528
185674
185766
185816
185820
185954
186012
186226
186272
186316
186324
186536
186589
187264
187300
187476
187496
187620
187736
187891
187954
188050
188052
188107
188120
188126
188144
188216
188294
188336
188392
188462
188558
188578
188602
188770
188936
188944
188962
189248
189294
189680
189874
189936
189975
190376
190536
190544
190688
190882
191268
191390
191438
191460
191594
191624
191797
191866
192224
192462
192480
192488
192602
192708
192896
192903
192929
192944
193106
193116
193134
193262
193592
193688
193788
193915
194030
194042
194050
194216
194256
194378
194393
194602
194688
194768
194936
195091
195132
195174
195200
195316
195516
195547
195608
195776
195780
195809
195898
195920
195944
195970
195979
196097
196190
196241
196258
196267
196282
196474
196760
196952
197026
197074
197144
197515
197528
197744
198105
198296
198396
198656
198780
198840
198896
198992
199112
199306
199328
199370
199468
199478
199593
199644
199904
199976
200410
200672
200755
200870
200960
201152
201296
201562
201630
201728
201763
201830
201854
201878
201962
202010
202208
202241
202337
202402
202448
202496
202574
202622
202714
202904
203168
203244
203312
203456
203696
203904
203936
204346
204776
204968
205208
205308
205320
205337
205352
205540
205668
206216
206552
206777
206794
206840
207104
207156
207300
207384
207418
207610
207984
208016
208256
208284
208346
208596
208623
208723
208790
208884
209122
209462
209572
209624
209698
209744
209822
209844
210054
210174
210194
210226
210440
210494
210578
210624
210632
210684
210689
210924
210944
211154
211380
211448
211651
211699
212028
212168
212196
212227
212232
212240
212408
212600
212698
212774
212822
212826
212892
212966
212984
213006
213228
213246
213254
213302
213536
213558
213562
213704
213857
213876
213948
214176
214184
214472
214501
214506
214642
214704
214736
214766
215000
215129
215144
215196
215504
215554
215635
215672
215844
216032
216108
216276
216344
216488
216632
216698
216730
216924
216926
216994
217020
217064
217256
217496
217586
217592
217622
217644
217651
217656
217834
217882
218074
218096
218122
218480
218528
218696
218705
218724
218760
218792
218822
218842
218870
219300
219490
219494
219512
219614
219672
219914
219944
220092
220160
220186
220452
220488
220568
220620
220669
220880
221096
221136
221432
221555
221722
221731
221770
222187
222350
222368
222420
222630
222638
222776
222924
222929
223208
223496
223502
223520
223646
223808
223976
224018
224054
224336
224532
224600
224630
224635
224820
224960
225043
225368
225442
225536
225595
225608
225658
225660
225728
225890
225938
226032
226308
226328
226476
226612
226640
226692
226697
226856
226906
226976
227242
227258
227336
227506
227552
227554
227726
227742
227784
227792
227825
227864
227890
227940
228048
228272
228324
228346
228458
228464
228680
228752
228804
229040
229250
229346
229450
229584
229592
229760
229819
229880
230120
230122
230148
230274
230366
230480
230580
230676
230792
230856
230864
231062
231152
231163
231368
231424
231492
231536
231730
231920
231970
232160
232236
232352
232363
232477
232544
232675
232732
232764
232800
232880
232937
233144
233384
233491
233554
233556
233561
233698
233868
233912
234344
234392
234464
234656
234722
234778
234824
234953
235016
235068
235322
235520
235636
235856
236004
236024
236144
236264
236336
236419
236548
236654
236760
236768
236772
236834
236916
237104
237204
237296
237392
237492
237554
237560
237684
237768
237852
237977
238066
238184
238262
238378
238670
238754
238786
238790
238808
238824
238834
239033
239070
239312
239484
239678
239846
240038
240062
240516
240560
240680
241082
241190
241256
241406
241452
241568
241745
241832
241884
241976
242144
242170
242528
242736
242864
242962
243032
243060
243104
243312
243512
243608
243828
243878
244112
244154
244208
244353
244476
244603
245126
245225
245385
245390
245448
245528
245696
245844
246104
246150
246390
246416
246418
246425
246492
246578
246752
246778
246782
246944
246979
247118
247142
247310
247472
247568
247762
247872
247904
248098
248124
248226
248321
248342
248390
248526
248558
248840
248886
248986
249048
249060
249080
249132
249272
249283
249350
249464
249560
249656
249920
250236
250280
250335
250476
250481
250540
250544
250548
250712
250928
251002
251174
251216
251336
251388
251864
252034
252062
252108
252120
252128
252276
252296
252578
252584
252604
252632
252682
252898
252970
253042
253071
253116
253280
253326
253332
253424
253426
253664
253760
253906
254048
254083
254244
254742
254744
254982
254988
255130
255146
255208
255216
255296
255374
255394
255566
255704
255902
256070
256116
256636
256664
256690
256764
256976
257112
257168
257198
257417
257448
257480
257537
257729
257748
257766
257912
258000
258034
258058
258416
258680
258778
258804
258902
259040
259280
259380
259472
259697
259832
260074
260172
260194
260210
260216
260218
260227
260408
260816
261058
261128
261368
261377
261494
261536
261560
261678
261728
261828
261920
262088
262250
262474
262496
262512
262824
262856
262928
263004
263006
263168
263214
263336
263414
263458
263520
263576
263864
263988
264182
264240
264250
264344
264374
264440
264542
264650
264660
264872
264954
265020
265116
265212
265274
265368
265568
265572
265614
265760
265908
265934
266299
266352
266489
266558
266822
266916
266942
266984
266990
267028
267276
267281
267468
267514
267562
267638
267728
267804
267968
268158
268518
268638
268640
268646
268824
268832
268976
269072
269122
269131
269218
269388
269414
269624
269692
269798
269803
269875
269912
269960
270000
270106
270264
270272
270368
270588
270708
270950
270974
270996
271022
271040
271114
271265
271332
271494
271586
271616
271747
271784
271928
272004
272098
272120
272122
272264
272316
272510
272558
272587
272650
272824
273104
273202
273250
273272
273274
273322
273440
273520
273804
273806
274016
274094
274200
274208
274260
274400
274488
274644
274886
275120
275236
275434
275844
275846
275849
276156
276274
276444
276680
276830
276912
276920
277112
277190
277358
277376
277503
277568
277640
277778
277904
278058
278131
278534
278744
278912
278988
279080
279123
279224
279250
279322
279410
279449
279686
279800
279835
280152
280376
280382
280392
280473
280500
280640
280718
280776
280814
280884
281008
281052
281073
281192
281222
281266
281578
281618
281916
282128
282194
282516
282588
282610
282617
282896
282960
282970
283288
283304
283356
283416
283858
283867
284028
284033
284059
284210
284316
284410
284432
284696
284786
284892
285034
285060
285408
285442
285569
285734
285744
285782
285800
285806
285907
285912
285968
286090
286116
286544
286675
286810
286854
286902
287150
287216
287242
287246
287266
287520
287606
287764
287768
287818
287825
287842
287995
288032
288056
288091
288248
288536
288708
288739
288752
288944
289086
289090
289330
289400
289426
289450
289616
289953
290170
290456
290528
290530
290592
290700
290762
290777
290886
291058
291139
291176
291252
291344
291401
291416
291542
291704
291724
291992
292068
292358
292448
292616
292658
292680
292758
292766
292808
292952
292992
293050
293072
293220
293345
293412
293562
293672
293720
293866
293945
293960
293962
294254
294386
294398
294440
294446
294450
294560
294586
294706
294714
294872
294938
294946
295112
295334
295520
295536
295664
295714
295760
295762
295880
296088
296120
296128
296196
296216
296668
296672
296760
297080
297349
297416
297490
297569
297656
297785
297864
297902
297903
298280
298384
298568
298736
298932
299121
299192
299336
299342
299576
299581
299626
299659
299816
299846
299984
300152
300224
300368
300418
300624
300656
300706
300756
300826
301082
301160
301280
301481
301524
301594
301620
301723
301808
301928
301932
302102
302144
302340
302345
302360
302386
302580
302674
302918
302945
303152
303168
303344
303370
303662
303715
303800
304210
304232
304260
304380
304448
304620
304784
304961
305002
305006
305240
305408
305552
305630
305842
305890
306036
306104
306296
306538
306926
306968
306984
307040
307232
307238
307344
307448
307548
307586
307664
307786
307808
307910
308266
308328
308466
308528
308648
308750
308792
308798
308945
309211
309248
309416
309554
309584
309610
309638
309641
309756
309800
309944
309948
309960
309968
310092
310166
310304
310315
310478
310496
310688
310886
310924
310980
311072
311092
311146
311316
311442
311552
311744
312000
312002
312008
312200
312320
312394
312419
312602
312663
312689
312824
312912
312944
312972
312988
313082
313162
313352
313392
313544
313680
313721
313841
313976
314126
314148
314240
314371
314384
314480
314482
314544
314558
314576
314606
314742
314768
314784
314912
315058
315198
315296
315528
315754
315820
315848
315994
316188
316304
316308
316424
316622
316712
316769
316808
316884
317000
317192
317262
317288
317376
317414
317462
318104
318168
318224
318268
318272
318416
318451
318538
318704
318872
319016
319094
319184
319359
319380
319450
319472
319592
319862
320004
320190
320240
320286
320510
320696
320816
320938
321106
321110
321276
321536
321874
321984
322092
322256
322664
322836
322928
323288
323342
323580
323672
323718
323940
324034
324132
324250
324586
324728
324848
324929
324972
325116
325208
325210
325334
325406
325502
325521
325592
325636
325770
325880
326072
326078
326131
326222
326227
326395
326410
326458
326506
326598
326648
326792
326912
327048
327086
327128
327336
327418
327466
327968
328097
328112
328186
328450
328474
328570
328692
328696
328766
328862
328880
329004
329048
329072
329126
329240
329434
329888
330008
330034
330056
330084
330089
330416
330586
330730
330737
330752
331088
331188
331308
331522
331590
331712
331738
331970
332048
332078
332172
332280
332342
332626
332654
332658
332740
332796
332880
333388
333440
333468
333920
333922
333944
333968
334090
334232
334260
334304
334400
334568
334632
334640
335096
335122
335312
335321
335544
335786
335851
335938
335960
336512
336616
336626
336680
336726
336746
336948
336968
337042
337090
337114
337182
337252
337291
337304
337330
337392
337594
337642
337712
337736
337880
338114
338246
338624
338628
338696
339065
339163
339178
339200
339364
339482
339536
339662
339756
339868
339876
339920
340234
340267
340387
340459
340568
340688
341072
341198
341201
341336
341875
342080
342156
342224
342240
342324
342448
342516
342536
342830
342854
342964
342990
343040
343430
343544
343832
344048
344131
344504
344520
344605
344738
344792
344947
344960
345128
345278
345512
345608
345706
345826
345830
346042
346138
346262
346306
346400
346524
346548
346649
346880
347178
347294
347312
347340
347376
347384
347670
347688
347860
347912
347990
348086
348104
348564
348634
348736
348752
348761
348794
348830
349088
349128
349328
349474
349476
349697
349784
349861
349928
350098
350120
350122
350201
350338
350602
350604
350864
350964
351010
351150
351224
351272
351346
351608
351648
351698
351800
351811
351946
351972
352233
352363
352398
352424
352428
352454
352808
352934
352963
353048
353072
353144
353508
353624
353648
353676
353772
353816
353912
353942
354512
354534
354632
354710
354734
354752
354792
354874
354902
355016
355302
355668
355756
355786
355832
355906
356120
356268
356432
356465
356692
356738
356768
356914
357012
357326
357398
357412
357514
357710
357737
357776
357944
358160
358308
358553
358592
358596
358808
358824
359024
359057
359240
359270
359308
359386
359414
359676
360088
360104
360296
360348
360656
360848
361160
361186
361250
361280
361346
361358
361400
361880
361908
361944
362292
362330
362412
362552
362980
363226
363484
363582
363584
363586
363848
364044
364064
364212
364250
364356
364520
364808
364980
365002
365064
365264
365314
365490
365578
365672
365772
365776
365856
365864
366228
366326
366440
366540
366545
366608
366632
366682
366900
366944
367003
367250
367547
367856
368030
368102
368275
368336
368436
368440
368500
368606
368624
368840
368846
368952
368984
369030
369036
369158
369324
369368
369390
369458
369488
369516
369608
369746
369776
369870
370064
370130
370180
370190
370242
370406
370610
370646
370764
370800
370808
370928
370932
370978
371074
371240
371264
371364
371491
371515
371628
371633
371670
371796
372056
372186
372322
372494
372536
372547
372610
372656
372680
372684
372778
372852
372854
372984
373010
373082
373156
373472
373620
373790
373808
373865
373876
374168
374342
374434
374578
374720
374753
375062
375114
375134
375224
375432
375546
375602
375636
375682
375710
375850
375918
375994
376166
376202
376260
376298
376315
376572
376616
376664
376708
376714
376736
376824
376886
376952
377048
377186
377362
377371
377432
377604
377768
377962
377988
378348
378392
378662
378676
379134
379136
379193
379361
379568
379572
379856
380122
380212
380240
380460
380513
380624
380720
380888
380940
381056
381086
381172
381344
381514
381534
381538
381590
381682
381708
382068
382106
382160
382282
382308
382354
382488
382640
382666
382740
382832
383146
383376
383386
383408
383450
383530
383696
383768
383912
384034
384056
384082
384102
384206
384272
384322
384392
384408
384586
384608
384704
384713
384752
384798
384824
384990
385016
385032
385073
385114
385280
385332
385394
385448
385490
385644
385688
385880
385900
386024
386194
386480
386556
386696
386726
386892
387012
387032
387107
387152
387178
387274
387488
387641
387992
388160
388200
388212
388380
388496
388512
388618
388710
388738
388808
388952
389130
389150
389216
389532
389600
389696
389888
390032
390106
390250
390488
390528
390566
390569
390584
390756
390824
390971
391002
391018
391154
391208
391289
391424
391500
391819
392120
392164
392172
392194
392323
392338
392480
392696
392822
392888
392986
393056
393182
393185
393254
393296
393492
393632
393684
393794
393840
393878
393992
394064
394212
394280
394394
394646
394712
394858
394880
395034
395144
395194
395244
395274
395384
395594
395792
395938
395986
396278
396448
396490
396896
397112
397180
397214
397286
397352
397382
397520
397546
397686
397904
397908
398034
398299
398312
398360
398364
398411
398528
398537
398624
398720
398962
398984
399014
399041
399156
399176
399298
399468
399494
399512
399730
400016
400136
400140
400154
400238
400544
400550
400594
400718
400728
400950
401266
401366
401442
401462
401576
401657
401744
401936
401966
401984
402106
402233
402300
402320
402468
402542
402590
402608
402638
402898
402936
402968
403066
403090
403114
403184
403304
403310
403472
403502
403568
403594
403688
403858
403904
404072
404142
404172
404312
404456
404508
404530
404650
404658
404698
404788
404842
405008
405110
405122
405302
405320
405350
405468
405758
406040
406184
406208
406385
406496
406538
406664
406880
407216
407246
407336
407576
407722
407819
407960
408084
408516
408584
408665
408704
408800
409027
409112
409206
409214
409256
409328
409424
409435
409520
409526
409690
409697
409760
410048
410078
410126
410144
410384
410698
410762
410768
410816
410960
410990
411152
411200
411209
411216
411362
411374
411392
411562
411632
411922
412114
412136
412514
412523
412745
412880
412913
412932
413170
413184
413192
413294
413456
413476
413576
413592
413606
413628
413942
414080
414104
414536
414684
414758
414920
415020
415145
415304
415328
415402
415496
415526
415664
415904
416000
416168
416190
416247
416312
416408
416486
416496
416768
416866
417056
417368
417414
417560
417686
417776
417826
417922
418016
418046
418328
418472
418474
418481
418625
418646
418736
418882
418978
419006
419072
419456
419954
419960
420128
420296
420416
420451
420492
420514
420602
420800
420850
421016
421046
421114
421121
421188
421262
421548
421745
421906
422192
422264
422328
422356
422480
422606
422654
423024
423026
423126
423224
423492
423802
423820
424160
424256
424616
425024
425033
425088
425096
425162
425412
425438
425504
425602
425628
425632
425844
425862
426246
426266
426490
426512
426538
426776
426946
426962
426988
427022
427044
427156
427208
427258
427523
427594
427784
427939
427952
428448
428550
428744
428844
428912
428940
429074
429128
429374
429536
429616
429672
429728
429796
429876
429888
429926
430136
430311
430406
430618
430688
430787
430810
430832
431227
431402
431414
431510
431718
431792
431868
431936
431952
431960
432200
432377
432396
432576
432656
432706
432782
432872
433116
433160
433328
433514
433884
434078
434218
434238
434266
434292
434524
434532
434592
434744
434779
434792
434947
434984
435084
435182
435715
435752
435968
436138
436186
436232
436267
436306
436376
436377
436544
436577
436658
436668
436742
436858
437002
437244
437264
437282
437288
437336
437456
437580
437674
437731
437744
437868
437890
437912
437928
438248
438370
438785
438804
439022
439070
439090
439400
439410
439764
439817
439858
439968
440048
440070
440078
440440
440460
440720
440868
440928
441034
441076
441204
441230
441326
441330
441439
441464
441634
441876
442230
442241
442256
442858
442922
443005
443168
443242
443250
443306
443360
443480
443496
443606
443744
443746
443816
443912
443966
444086
444158
444344
444368
444566
444584
444610
444728
445064
445080
445228
445254
445257
445354
445422
445598
445622
445642
445714
445860
446131
446144
446234
446288
446342
446504
446530
446720
446729
446748
446888
447154
447252
447402
447422
447566
447608
447614
447634
447762
447826
447922
447931
447944
448258
448306
448418
448500
448592
448600
448760
448902
448932
449000
449052
449105
449246
449294
449380
449466
449606
449696
449736
449746
449816
449822
449990
450004
450008
450379
450440
450564
450680
450848
450876
451046
451184
451332
451433
451474
451688
451860
451896
451924
452072
452096
452258
452288
452292
452294
452532
452552
452580
452720
452822
453056
453416
453434
453848
453912
453926
453950
454162
454572
454592
454603
454632
454784
454800
454976
454984
455192
455258
455504
455539
455626
455720
455736
455794
456018
456032
456270
456499
456608
456680
457070
457214
457352
457392
457498
457522
457596
457668
457712
457715
457762
458054
458297
458412
458486
458552
458672
458712
458912
458938
458986
459008
459080
459146
459154
459176
459338
459368
459521
459588
459680
459848
459898
459972
460066
460190
460328
460354
460358
460622
461072
461090
461264
461268
461360
461384
461550
461580
461672
461792
461817
461849
462248
462302
462336
462368
462377
462403
462600
462800
462898
462922
463042
463064
463200
463219
463256
463496
463564
463664
463714
463794
463952
464074
464172
464192
464198
464366
464530
464539
464552
464578
464606
464654
464918
464942
465043
465104
465384
465416
465418
465492
465660
465728
465802
465896
466234
466262
466282
466308
466464
466496
466662
466694
466718
466858
466930
467024
467057
467288
467600
467866
467936
468056
468200
468344
468440
468536
468680
468708
468848
468902
468968
469064
469160
469224
469232
469238
469289
469496
469622
469712
469760
469809
469928
470004
470024
470168
470179
470220
470340
470522
470592
470744
470825
471168
471200
471394
471418
471488
471540
471704
471708
471752
472142
472363
472376
472472
472520
472601
472712
472771
472880
472920
473083
473120
473122
473330
473528
473672
473872
474137
474154
474180
474348
474416
474487
474514
474536
474538
474612
474710
474715
474826
474874
475094
475448
475505
475856
475904
475934
476098
476146
476314
476384
476404
476480
476489
476720
476856
476864
476916
477056
477084
477176
477320
477396
477414
477785
477968
478016
478184
478234
478380
478406
478550
478622
478680
478688
478786
478808
478928
479048
479688
479702
479726
479886
479995
480158
480276
480368
480372
480440
480492
480614
480665
480672
480680
480776
480800
481254
481448
481472
481524
481544
481736
481832
481882
482126
482340
482395
482504
482534
482648
482840
482914
483012
483104
483132
483438
483465
483538
483586
483706
483850
484073
484160
484188
484304
484378
484448
484808
484900
484952
485072
485194
485266
485448
485522
485744
485890
486080
486584
486730
486848
487075
487112
487248
487289
487472
487616
487891
488072
488102
488140
488162
488174
488222
488226
488912
488988
488990
489086
489104
489200
489216
489322
489440
489578
489632
489662
489768
489776
489806
490094
490164
490274
490308
490344
490386
490546
490594
490664
490690
490738
491002
491072
491116
491124
491168
491198
491249
491384
491744
491774
491912
492032
492128
492254
492344
492416
492710
492872
492931
492996
493232
493250
493296
493313
493496
493524
493546
493834
493958
493976
493985
494270
494404
494552
494672
494792
494840
495050
495320
495464
495726
495734
495974
496088
496284
496304
496356
496454
496474
496520
496632
496664
496834
496952
497126
497378
497450
497960
498000
498224
498250
498377
498586
498612
498680
498931
498944
499210
499372
499380
499454
499530
499710
499712
499720
499788
499812
499856
499882
500000
500020
500024
500194
500414
500450
500504
500520
500624
500744
500777
500796
500912
501080
501156
501163
501296
501425
501552
501560
501586
501634
501656
501682
501756
501758
501854
501946
502140
502166
502640
502680
502817
502834
502952
503026
503059
503192
503288
503290
503456
503520
503556
503769
503820
503886
503894
503946
504008
504202
504264
504272
504379
504504
504512
504545
505016
505208
505289
505392
505430
505474
505496
505502
505673
505838
505860
505906
505976
506131
506196
506208
506240
506480
506496
506652
506707
506744
506936
506982
506986
507110
507152
507226
507350
507398
507416
507418
507494
507874
507920
508018
508094
508110
508184
508250
508544
508712
508838
508996
509000
509009
509024
509340
509528
509600
509652
509696
509888
510032
510296
510480
510582
510744
510822
510830
511208
511308
511328
511480
511568
511766
511808
511886
511928
512096
512212
512264
512320
512342
512408
512534
512720
512792
512982
513104
513272
513370
513494
513656
513840
513872
513916
514066
514114
514136
514256
514548
514550
514656
514688
514908
514910
514984
515000
515002
515196
515224
515392
515558
515864
515984
516033
516128
516192
516200
516274
516276
516427
516540
516560
516589
516682
516776
517016
517027
517046
517254
517376
517488
517566
517912
518168
518264
518312
518600
518770
519034
519518
519586
519776
519828
519998
520256
520520
520540
521000
521184
521192
521203
521250
521360
521513
521528
521700
521864
521884
521899
522158
522294
522320
522324
522360
522656
522713
522896
522926
522940
523058
523066
523254
523260
523265
523298
523304
523784
523858
523982
524072
524122
524534
524582
524600
524652
524916
524947
525228
525296
525344
525346
525458
525584
525656
526088
526308
526520
526560
526760
526817
527048
527107
527198
527216
527408
527851
527990
527995
528154
528168
528322
528400
528464
528632
528638
528662
528914
529092
529232
529258
529688
529714
529736
529880
530035
530118
530144
530408
530412
530648
530770
530779
530816
530984
531172
531327
531344
531528
531658
531732
531800
531830
531974
532162
532328
532424
532555
532616
532718
532743
532760
532824
532928
533004
533050
533112
533264
533292
533310
533354
533400
533696
533700
533726
533774
533818
534008
534050
534080
534091
534758
535070
535075
535088
535328
535360
535404
535592
535760
535785
535880
536044
536076
536120
536136
536201
536216
536552
536724
536794
537098
537152
537254
537418
537442
537488
537614
537656
537686
537734
537756
537800
537902
537968
538040
538064
538160
538320
538352
538358
538472
538658
538712
538832
538865
539004
539078
539120
539146
539155
539168
539234
539561
539628
539796
540218
540377
540394
540464
540536
540566
540614
540752
540898
540968
540979
541184
541291
541368
541448
541616
541622
541688
541714
541716
541723
541904
541920
541928
542000
542129
542216
542312
542384
542400
542426
542434
542443
542482
542508
542816
543080
543224
543350
543374
543398
543512
543583
543612
543824
543850
543972
544088
544156
544214
544217
544400
544592
544704
544760
544790
545052
545179
545240
545384
545412
545432
545624
545720
546034
546060
546346
546512
546656
546804
546818
546820
547022
547040
547136
547334
547448
547544
547715
547760
547808
547928
547930
547978
547987
548007
548048
548140
548384
548400
548480
548630
548633
548792
548964
549032
549152
549438
549440
549536
549540
549656
549746
549822
550016
550280
550320
550376
550882
550904
550956
551048
551098
551146
551168
551208
551386
551628
551755
551868
552108
552110
552248
552440
552662
552872
552878
553088
553320
553570
553712
553740
553836
553928
554006
554120
554148
554436
554528
554609
554986
555012
555152
555163
555200
555344
555804
555850
555872
556112
556258
556280
556330
556433
556760
556776
557168
557328
557336
557345
557414
557558
557580
557700
557912
558058
558084
558156
558176
558344
558390
558560
558617
558632
558920
558936
559064
559232
559267
559424
559544
559644
559958
560034
560096
560168
560242
560290
560316
560432
560460
560510
560526
560578
560600
560620
560676
560976
560984
560986
561034
561056
561074
561078
561224
561403
561528
561560
561752
561868
561950
562046
562186
562282
562304
562380
562410
562418
562481
562738
562836
562910
563044
563072
563148
563364
563369
563600
563616
563840
563960
564015
564032
564056
564163
564176
564250
564368
564458
564536
564554
564610
564632
564770
564800
564881
564920
565400
565492
565524
565592
565594
565666
565688
565738
565836
565976
566076
566168
566316
566321
566456
566506
566528
566578
566936
566952
567058
567073
567206
567344
567348
567350
567440
567565
567656
567772
567979
568040
568184
568190
568332
568448
568496
568526
568718
568760
568836
568856
569000
569144
569312
569553
569576
569816
569936
570043
570104
570120
570273
570460
570536
570667
570704
570872
570898
571064
571616
571720
571736
571786
571856
571958
572004
572196
572412
572576
572720
572840
572890
573200
573320
573444
573488
573632
573688
573833
573846
573953
574112
574212
574265
574280
574306
574407
574496
574644
574660
574836
575280
575528
575672
575818
575840
576008
576326
576370
576466
576576
576632
576638
576792
576804
576824
576842
577049
577112
577452
577620
577664
577836
577904
578052
578098
578168
578208
578216
578576
578720
579246
579416
579492
579536
579570
579578
579824
579833
579925
580073
580260
580352
580472
580505
580572
580794
580860
581052
581216
581504
581672
581702
581844
582008
582019
582608
582713
582752
582968
583012
583070
583090
583098
583310
583376
583500
583788
583952
584192
584432
584498
584552
584554
584696
584814
584864
585106
585230
585464
585494
585626
585883
586112
586152
586304
586376
586712
586764
586856
586862
586876
586884
587024
587384
587616
587707
587720
587744
587906
587938
587956
587988
588170
588176
588204
588488
588636
588824
589010
589022
589088
589328
589354
589356
589382
589384
589520
589564
589596
589860
589976
590162
590168
590498
590504
590506
590526
590552
590696
590940
590942
591082
591152
591184
591480
591488
591656
591734
591800
591881
592016
592022
592046
592188
592232
592404
592500
592632
592688
592812
592832
592852
593000
593030
593120
593220
593232
593288
593408
593432
593556
593600
593744
593842
593923
593940
594008
594041
594113
594211
594272
594296
594392
594538
594584
594630
594713
594776
594785
594962
595064
595170
595278
595400
595473
595512
595518
595690
595712
595758
595760
595976
596096
596192
596360
596460
596702
596722
596888
596958
596966
597026
597096
597146
597276
597460
597488
597516
597566
597680
597704
597872
597905
598014
598086
598094
598254
598284
598304
598378
598492
598568
598906
598946
599024
599192
599342
599360
599384
599546
599548
599554
599609
599779
599792
599912
600024
600080
600274
600320
600440
600662
600680
600778
600806
600876
600902
600906
600948
601022
601027
601140
601280
601376
601404
601502
601738
601934
602024
602360
602952
602960
602964
603004
603041
603060
603296
603508
603588
603617
603728
603818
603872
603950
604138
604400
604476
604634
604826
604954
605168
605384
605424
605438
605482
605530
605552
605772
605798
605827
605840
605904
606017
606084
606276
606344
606512
606608
606626
606850
606872
606890
606898
606944
607230
607400
607428
607507
607522
607592
607646
607736
607860
607904
608240
608336
608528
608864
608988
609144
609152
609368
609418
609560
609604
609696
609728
609730
609828
609848
609854
610051
610328
610496
610886
610910
610928
611150
611172
611362
611496
611606
611670
611750
611820
611936
612176
612776
612806
613219
613276
613284
613339
613358
613400
613616
613718
613760
614000
614030
614168
614177
614240
614360
614496
614554
614580
614678
614796
614942
615002
615012
615056
615176
615490
615584
615662
615704
615778
615826
616123
616138
616328
616470
616688
616714
616766
616998
617004
617072
617102
617172
617198
617312
617388
617587
617648
617777
617792
617923
617960
618006
618050
618080
618344
618366
618377
618584
618938
619016
619112
619147
619184
619256
619382
619646
619690
619714
619723
619865
619886
619928
620032
620074
620096
620169
620726
620848
621248
621377
621440
621536
621684
621728
621920
621938
622280
622400
622426
622592
622904
622954
622956
623148
623249
623678
624014
624106
624111
624128
624296
624416
624704
624754
624770
624878
624992
625064
625191
625370
625578
625594
625596
625752
625760
625786
626216
626256
626336
626568
626624
627200
627368
627610
627672
627800
628016
628046
628090
628171
628250
628260
628786
628856
629078
629098
629354
629626
629674
629700
629722
629744
629846
629960
630252
630300
630326
630488
630632
630728
630800
630907
630968
631068
631184
631280
631348
631358
631472
631481
631592
631760
631810
631814
631896
632120
632148
632234
632342
632504
632506
632712
632792
632822
632960
633078
633128
633150
633298
633305
633367
633432
633460
633490
633560
633768
633776
633946
634064
634084
634194
634315
634374
634494
634714
634722
634740
634762
634832
634952
635048
635216
635338
635386
635635
635768
636084
636128
636137
636156
636211
636374
636458
636508
636648
636680
636756
636824
636896
637106
637472
637536
637592
637675
637690
637738
637850
637862
638192
638266
638338
638358
638384
638456
638458
638626
638648
638762
638864
638947
639036
639080
639204
639278
639420
639440
639488
639602
639968
640014
640158
640226
640232
640280
640424
640448
640454
640712
640764
641030
641290
641312
641414
641462
641504
641672
641888
641918
642010
642154
642176
642272
642281
642422
642445
642446
642584
642588
642593
642628
643260
643309
643424
643426
643620
643640
643704
643754
643808
644002
644042
644050
644474
644744
644816
645017
645104
645338
645492
645667
645686
645828
646128
646184
646568
646836
646872
646904
647002
647078
647090
647120
647384
647602
647772
647814
647818
647888
647980
648080
648084
648200
648240
648252
648344
648446
648608
648634
648706
648800
648830
648966
649016
649040
649310
649382
649428
649474
649522
649548
649742
649788
649832
649952
650026
650120
650240
650330
650366
650384
650534
650832
651054
651202
651466
651470
651512
651688
651710
651832
651850
651852
652044
652184
652214
652352
652524
652616
652786
652932
653072
653264
653432
653576
653616
653696
653794
653803
653810
653890
654128
654180
654240
654292
654488
654492
654588
654662
654682
654756
655016
655018
655056
655138
655208
655476
655507
655640
655864
656000
656002
656148
656216
656312
656366
656816
656993
657008
657058
657584
657614
657680
657770
657872
658156
658208
658385
658452
658496
658505
658688
658738
659096
659340
659344
659480
659640
659840
659938
660150
660200
660368
660416
660562
660586
660658
660730
660992
661038
661280
661354
661376
661450
661498
661670
661692
661738
661786
661928
662004
662072
662314
662384
662460
662576
662672
662678
662792
662984
663228
663274
663296
663402
663547
663656
663748
663896
663962
663970
663998
664018
664042
664068
664479
664736
664782
664856
664872
664954
665016
665050
665072
665148
665318
665340
665530
665552
665720
665822
665962
666174
666254
666368
666421
666586
666710
666888
666968
667136
667280
667356
667784
667830
667841
668006
668153
668288
668504
668820
669370
669416
669584
669610
669614
669752
669944
670016
670154
670208
670278
670282
670344
670380
670472
670546
670664
670668
670706
670718
670760
670880
671040
671105
671238
671480
671504
671580
671744
671772
671774
671888
671940
672468
672536
672584
672752
672828
673016
673166
673214
673232
673240
673284
673404
673424
673548
673594
673616
673666
673718
673730
673952
673978
674170
674198
674212
674216
674408
674458
674578
675014
675056
675252
675278
675344
675375
675427
675512
675590
675638
675737
675780
675824
675988
676090
676234
676282
676308
676424
676472
676610
676646
676856
677004
677148
677256
677288
677292
677366
677386
677402
677456
677720
677724
677729
677770
677798
677894
677940
678248
678374
678440
678492
678518
678547
678680
678754
678800
678835
678992
679058
679094
679121
679256
679328
679450
679472
679640
679987
680048
680190
680220
680346
680442
680561
680640
680720
680750
680786
680840
681014
681056
681192
681200
681444
681488
681588
681680
681763
681842
681888
682176
682204
682232
682265
682450
682472
682578
682664
682740
682766
683144
683184
683194
683364
683480
683672
683727
683768
683770
684043
684176
684268
684288
684347
684374
684538
684728
684997
685064
685112
685232
685356
685376
685496
685642
685712
685730
685740
685952
685956
686024
686192
686456
686558
686624
686628
686720
686779
686792
686912
687086
687104
687107
687414
687464
687514
687648
687896
687905
688062
688160
688186
688358
688498
688664
688808
688810
689002
689024
689098
689249
689480
689508
689792
689936
689947
690104
690158
690163
690276
690288
690368
690488
690540
690872
691184
691224
691262
691282
691352
691496
691526
691618
691662
691738
691808
691889
691928
691930
691956
692048
692120
692148
692216
692578
692604
692888
693034
693176
693218
693384
693416
693538
693556
693732
693734
693824
694044
694104
694112
694121
694164
694289
694472
694572
694764
694956
695031
695172
695190
695648
695678
695792
695936
695954
696062
696104
696326
696355
696408
696566
696776
696970
696992
697164
697234
697472
697542
697594
697808
697834
698074
698106
698170
698196
698364
698408
698630
698672
698818
698888
698916
699051
699375
699662
699872
699962
699974
700016
700032
700243
700408
700812
700856
700994
701146
701312
701358
701384
701395
701410
701563
701576
701688
701942
702104
702488
702584
702632
702708
702800
702896
703094
703142
703160
703188
703200
703232
703616
703649
703668
703808
703976
704076
704144
704174
704222
704480
704576
704604
704744
704774
704816
705019
705113
705182
705728
705730
705744
705872
705924
706162
706234
706358
706474
706496
706608
706686
706742
707009
707462
707558
707680
707722
707724
707792
707934
707936
707940
707962
708063
708156
708182
708200
708402
708480
708488
708516
708800
708826
708922
708948
709088
709256
709570
709586
709618
709640
709771
709784
709860
709906
709980
710024
710120
710443
710460
710596
710630
710650
710836
710947
710961
711004
711134
711314
711494
711512
711632
711724
711968
712147
712256
712405
712616
712736
712766
712904
713168
713194
713264
713648
713960
713984
713992
714209
714368
714632
714806
714824
714946
715088
715236
715306
715354
715376
715440
715544
715572
715577
715614
715670
715736
715741
715776
716222
716414
716456
716552
716674
716770
716771
716864
716894
717032
717048
717080
717082
717259
717296
717320
717552
717560
717578
717696
717752
717920
717950
718214
718376
718392
718424
718502
718572
718717
718718
718984
719048
719066
719232
719294
719746
719890
719986
720086
720104
720224
720240
720348
720362
720446
720451
720903
720924
720944
720970
721115
721122
721284
721328
721784
721928
722042
722168
722292
722360
722556
722630
722696
722866
723152
723300
723312
723344
723372
723440
723562
723632
723658
723800
723802
723804
723850
723898
724184
724256
724272
724372
724520
724600
724610
724620
724784
724936
724976
725002
725168
725244
725352
725552
725600
725630
725654
725678
725700
725764
725792
725984
726080
726200
726228
726300
726396
726564
726584
726730
726732
726739
726918
726992
727136
727214
727217
727232
727304
727368
727382
727400
727529
727536
727540
727568
727736
727928
728144
728179
728400
728435
728462
728530
728570
728602
728650
728816
728962
729038
729224
729302
729322
729393
729420
729626
729902
730193
730210
730409
730426
730428
730498
730817
730832
730954
730956
730978
731050
731270
731284
731294
731342
731674
731792
732104
732132
732154
732192
732329
732464
732514
732710
732728
732833
732960
732992
733042
733136
733212
733328
733472
733616
733682
733688
733843
733856
733978
734026
734028
734208
734436
734652
734696
734986
735012
735110
735182
735192
735200
735252
735608
735648
735684
735824
735960
736016
736049
736136
736138
736162
736474
736482
736644
736658
736666
736976
736982
737118
737144
737174
737336
737408
737480
737498
737816
738176
738366
738374
738400
738630
738634
738658
738881
739066
739088
739138
739208
739296
739304
739472
739502
739546
739704
739848
739880
739904
740006
740011
740072
740240
740366
740408
740602
740792
741052
741152
741322
741329
741490
741560
741944
742001
742092
742248
742280
742332
742363
742478
742644
742928
742953
742954
743194
743258
743318
743434
743736
743768
743858
743986
744062
744104
744110
744296
744322
744464
744628
744702
744898
744924
744988
745040
745138
745448
745548
745956
746144
746460
746504
746530
746554
746556
746724
746995
747104
747278
747300
747392
747610
747776
748088
748094
748118
748160
748402
748596
748937
748976
749120
749674
749702
749798
749864
750032
750106
750494
750542
750870
750881
750896
750966
750992
751088
751184
751190
751214
751219
751433
751596
751675
751736
751843
752096
752118
752194
752242
752587
752744
752774
752777
752842
752966
753008
753230
753312
753368
753466
753536
753562
753608
753778
753787
753994
754016
754184
754256
754306
754376
754406
754520
754579
754616
754644
754688
754856
755002
755124
755144
755408
755600
755616
755888
755898
755928
755976
755984
756014
756108
756144
756152
756240
756250
756360
756392
756410
756420
756490
756552
756610
756624
756840
756920
757008
757080
757088
757138
757232
757257
757272
757440
757448
757451
757526
757572
757584
757736
757752
757832
757954
757992
758000
758064
758146
758216
758232
758330
758370
758384
758400
758528
758534
758544
758664
758696
758808
758890
758960
758976
759192
759360
759366
759368
759374
759398
759401
759488
759528
759720
759752
759872
759888
760044
760056
760142
760274
760280
760640
760697
760784
760906
761000
761177
761216
761458
761480
761524
761894
761936
762080
762307
762326
762394
762512
762562
762687
762704
762900
762944
763106
763171
763400
763435
763455
763472
763664
763694
763714
763880
764024
764100
764122
764268
764336
764414
764508
764553
764576
764816
764846
764916
764936
765056
765248
765281
765440
765680
765850
765920
766089
766097
766136
766267
766592
766832
767000
767030
767144
767308
767340
767360
767480
767484
767510
767672
767744
767750
767844
767960
768128
768183
768320
768560
768590
768739
768776
768858
769188
769241
769304
769500
769520
769574
769598
769694
769712
769906
770216
770246
770408
770438
770450
770652
770786
770818
770820
770938
771138
771392
771418
771546
771662
771684
771710
771730
771902
771998
772112
772254
772646
772650
772716
772780
772810
772886
772906
772956
773066
773222
773321
773491
773548
773604
773731
774110
774372
774658
774732
774874
775502
776580
776796
777067
777206
777364
777466
777760
778012
778576
778668
778768
779080
779272
779290
779464
779630
779680
779945
780376
780472
780640
780952
781120
781576
781766
781792
782507
782508
782724
782771
782795
783227
784156
784235
785268
785677
785725
785821
786148
786155
