420
2
20
67
151
223
288
294
308
330
343
396
407
430
451
467
493
497
584
614
631
645
765
825
835
893
910
930
942
1015
1071
1104
1259
1269
1350
1362
1403
1412
1444
1481
1494
1499
1546
1554
1564
1573
1603
1618
1623
1626
1646
1660
1664
1762
1794
1838
1877
1879
1885
1966
1984
1999
2004
2008
2009
2026
2053
2059
2117
2136
2152
2171
2208
2335
2344
2350
2364
2383
2395
2449
2546
2570
2582
2632
2712
2735
2770
2773
2805
2823
2856
2857
2877
2880
2931
3007
3041
3070
3108
3184
3315
3327
3380
3446
3468
3535
3541
3542
3555
3567
3574
3595
3647
3721
3726
3730
3734
3753
3755
3891
3915
3920
3964
4061
4070
4089
4100
4119
4125
4141
4152
4187
4216
4222
4239
4241
4285
4326
4358
4507
4512
4518
4540
4564
4596
4631
4654
4656
4661
4674
4682
4684
4690
4697
4771
4791
4801
4805
4826
4858
4905
4919
4924
4985
5020
5052
5102
5166
5192
5199
5280
5294
5386
5417
5535
5547
5558
5708
5839
5850
5861
5893
5910
5915
5917
5950
5960
6048
6055
6072
6093
6154
6223
6257
6259
6269
6300
6384
6527
6543
6565
6578
6721
6754
6778
6872
6881
6975
7013
7151
7153
7179
7191
7218
7253
7305
7315
7408
7452
7461
7477
7541
7631
7662
7787
7839
7873
7891
7924
8020
8047
8052
8053
8077
8085
8123
8151
8223
8256
8272
8301
8326
8360
8469
8476
8537
8557
8608
8623
8644
8663
8689
8727
8746
8783
8801
8830
8910
9027
9040
9100
9117
9139
9149
9213
9236
9246
9247
9396
9433
9454
9490
9591
9641
9674
9786
9867
9884
9911
9922
9950
9997
10006
10019
10075
10085
10115
10176
10187
10200
10224
10343
10379
10395
10456
10648
10671
10719
10725
10737
10741
10812
10850
10870
10886
10930
10964
10966
10986
10999
11054
11064
11084
11096
11118
11132
11241
11244
11246
11345
11379
11435
11452
11637
11731
11814
11816
11835
11911
11916
11958
12007
12038
12040
12051
12107
12163
12171
12172
12205
12210
12248
12360
12362
12389
12456
12471
12518
12562
12631
12641
12677
12701
12787
12819
12869
12883
13006
13061
13075
13079
13093
13250
13300
13303
13379
13405
13484
13528
13564
13589
13644
13657
13681
13808
13872
13895
13962
13963
14045
14063
14097
14102
14106
14115
14140
14151
14161
14162
14185
14187
14188
14276
14298
14342
14361
14364
14375
14383
14397
14429
14446
14458
14462
14465
14475
14477
14494
14500
14503
14504
14531
14548
14633
14651
14695
14821
14825
14827
14856
14877
