400
40
64
67
112
116
132
195
204
222
255
260
263
279
283
315
322
330
435
451
462
465
489
540
545
551
592
594
602
627
638
641
683
721
727
746
784
794
818
847
914
943
962
983
1029
1066
1165
1179
1261
1299
1316
1321
1343
1395
1424
1474
1476
1490
1562
1630
1632
1676
1690
1705
1722
1810
1831
1861
1897
1910
1947
2040
2054
2089
2193
2203
2256
2259
2277
2327
2384
2393
2483
2499
2509
2536
2689
2691
2740
2752
2761
2784
2835
2836
2849
2865
2869
2916
3020
3027
3118
3151
3152
3196
3208
3215
3279
3331
3460
3484
3682
3688
3702
3794
3810
3934
3969
3974
3984
4041
4046
4047
4303
4376
4402
4437
4540
4597
4600
4624
4633
4636
4697
4787
4793
4815
4864
4945
4975
4990
5010
5078
5087
5089
5103
5127
5151
5154
5258
5305
5391
5406
5463
5569
5571
5602
5611
5614
5623
5680
5693
5710
5725
5770
5857
6050
6093
6112
6173
6193
6202
6206
6228
6236
6251
6255
6259
6327
6362
6489
6490
6502
6528
6534
6645
6730
6767
6871
6998
7004
7029
7044
7139
7228
7258
7261
7325
7369
7372
7380
7437
7480
7485
7496
7512
7590
7685
7695
7710
7741
7802
7807
7871
7885
7915
7961
8004
8006
8020
8035
8054
8159
8176
8187
8198
8319
8358
8406
8441
8495
8520
8538
8660
8727
8732
8741
8797
8865
8938
8953
8982
9016
9081
9098
9118
9280
9333
9379
9442
9475
9481
9482
9550
9601
9610
9628
9629
9657
9679
9711
9790
9979
10066
10103
10159
10166
10204
10215
10227
10250
10308
10353
10485
10500
10521
10530
10534
10635
10682
10694
10706
10717
10755
10828
10847
10864
10974
10981
11016
11039
11122
11126
11139
11153
11194
11202
11216
11257
11261
11315
11323
11348
11358
11367
11400
11446
11474
11484
11495
11549
11635
11654
11729
11749
11779
11807
11821
11834
11873
11878
11953
11960
12025
12035
12100
12139
12145
12256
12297
12352
12523
12556
12572
12639
12802
12815
12827
12862
12931
12953
12958
12983
13006
13026
13069
13139
13142
13150
13163
13249
13343
13352
13365
13402
13518
13527
13586
13599
13612
13677
13688
13842
13854
13901
13908
13916
13933
13936
13949
13964
13991
14197
14293
14347
14518
14548
14581
14643
14646
14651
14683
14807
14884
14981
14994
15014
15035
15097
15103
15201
15319
15339
15347
15392
15395
15459
15517
15545
15562
15584
15619
