433
4
15
21
65
144
218
220
313
464
499
561
630
717
734
762
783
784
798
856
876
1032
1034
1227
1249
1284
1303
1314
1374
1389
1444
1516
1527
1593
1655
1814
1823
1832
1835
1862
1896
1926
1939
2013
2054
2081
2198
2379
2387
2419
2491
2576
2582
2616
2633
2758
2785
2799
2828
2875
2908
2930
3011
3043
3175
3305
3314
3442
3488
3511
3590
3777
3790
3837
3865
3941
4195
4254
4344
4479
4508
4547
4554
4595
4630
4691
4739
4775
4796
4850
4855
4963
4979
5016
5021
5025
5072
5097
5447
5493
5543
5576
5615
5643
5650
5687
5783
5843
5983
6013
6018
6044
6317
6343
6417
6438
6602
6788
6798
6807
7082
7136
7137
7187
7301
7474
7527
7609
7743
7780
7784
7829
7889
7919
8010
8053
8060
8081
8145
8172
8215
8288
8348
8376
8428
8433
8554
8627
8642
8799
9014
9015
9050
9081
9216
9262
9281
9548
9550
9730
9803
9901
9929
9999
10008
10050
10140
10217
10223
10228
10326
10396
10519
10552
10612
10620
10628
10636
10640
10652
10657
10660
10689
10702
10808
10813
10852
10893
11064
11170
11252
11266
11347
11425
11485
11534
11748
11804
12129
12235
12247
12346
12590
12711
12749
12783
12789
12814
12830
12870
12883
12905
12910
13055
13071
13074
13077
13121
13162
13209
13385
13517
13519
13553
13660
13710
13752
14019
14060
14106
14125
14142
14149
14156
14187
14281
14334
14455
14504
14707
14760
14770
14821
14848
14897
14918
14962
14990
15072
15099
15184
15231
15287
15350
15426
15438
15481
15537
15647
15705
15864
15900
16050
16102
16290
16364
16420
16453
16517
16555
16597
16653
16678
16699
16957
17058
17234
17392
17400
17438
17509
17510
17625
17768
18024
18185
18235
18285
18404
18447
18461
18545
18587
18635
18689
18829
18862
18871
18933
18981
19047
19129
19230
19289
19443
19556
19602
19809
19863
19915
19926
19927
19956
19981
20109
20126
20150
20196
20306
20316
20356
20391
20581
20676
20727
20781
20965
20972
21084
21102
21169
21304
21322
21346
21375
21406
21483
21484
21551
21560
21588
21596
21616
21659
21697
21715
21733
21852
21856
21881
21885
21961
22125
22131
22153
22161
22162
22169
22199
22219
22248
22470
22661
22697
22748
22878
22981
23018
23070
23111
23120
23185
23224
23374
23388
23440
23668
23670
23678
23801
23834
24046
24135
24251
24258
24271
24324
24364
24374
24415
24459
24527
24580
24772
24802
24838
24950
24990
24995
24998
25044
25109
25133
25137
25154
25276
25358
25410
25458
25494
25558
25586
25597
25604
25675
25679
25689
25731
25791
25912
25943
25954
25968
25991
26062
26105
26189
26198
26205
26218
26224
26327
26351
26423
