655
60
84
118
206
243
254
367
390
392
408
493
566
594
705
762
949
951
1019
1195
1227
1329
1342
1343
1350
1351
1516
1652
1669
1754
1756
1768
1831
1842
1877
1903
1928
1946
2001
2008
2105
2129
2156
2201
2270
2334
2410
2427
2428
2432
2510
2516
2712
2716
2748
2776
3005
3096
3151
3154
3315
3365
3417
3601
3693
3772
3910
3924
3928
3995
3996
4014
4034
4048
4083
4199
4232
4268
4322
4377
4393
4402
4463
4466
4531
4653
4666
4766
4787
4812
4883
4903
4958
4973
5020
5121
5151
5188
5262
5288
5305
5338
5515
5760
5795
5836
5845
5915
5957
6012
6111
6241
6263
6345
6355
6377
6480
6523
6544
6549
6639
6751
6904
6947
6963
7004
7050
7078
7203
7225
7407
7484
7549
7673
7739
7744
7790
7814
7877
7947
7952
7988
8000
8133
8153
8212
8236
8255
8357
8414
8431
8444
8522
8565
8625
8721
8764
8897
8905
8921
8933
9005
9018
9071
9128
9144
9441
9503
9747
9767
9932
10067
10109
10142
10167
10223
10250
10383
10401
10488
10526
10533
10734
10782
10876
10887
10893
11007
11041
11155
11230
11327
11337
11479
11496
11519
11540
11606
11749
11759
11883
12088
12098
12154
12195
12238
12365
12367
12383
12415
12623
12664
12672
12699
12791
12926
12929
12970
12979
12984
12992
13001
13029
13231
13253
13308
13352
13509
13591
13606
13618
13798
13996
14037
14150
14154
14231
14309
14330
14359
14368
14389
14495
14509
14632
14676
14697
14711
14725
14861
14965
15121
15163
15168
15302
15305
15353
15369
15534
15569
15672
15990
15998
16003
16004
16055
16092
16100
16113
16191
16217
16222
16260
16424
16469
16517
16664
16708
16810
16880
16890
16906
16934
16949
16965
16982
17004
17014
17058
17118
17168
17170
17202
17303
17307
17319
17364
17374
17475
17482
17531
17667
17751
17822
17842
17860
17876
17884
17898
17905
17924
17987
17996
18050
18064
18100
18102
18115
18123
18126
18155
18180
18185
18193
18208
18231
18285
18286
18294
18425
18441
18493
18559
18573
18640
18663
18733
18755
18761
18773
18886
18896
18919
18967
18988
19007
19009
19033
19037
19105
19123
19157
19194
19332
19335
19384
19447
19515
19695
19748
19915
20005
20029
20082
20088
20122
20128
20211
20213
20219
20220
20278
20293
20493
20615
20642
20724
20787
20846
20888
20906
20952
20989
21006
21013
21151
21193
21231
21266
21344
21429
21485
21519
21522
21531
21586
21627
21677
21709
21739
21763
21805
21808
21923
21983
22121
22146
22169
22243
22326
22363
22524
22529
22661
22670
22808
22833
23054
23146
23174
23214
23230
23236
23254
23362
23484
23558
23607
23622
23703
23753
23757
23854
23962
24010
24241
24277
24288
24292
24347
24386
24397
24413
24586
24653
24656
24663
24825
24904
24958
25133
25242
25296
25305
25430
25691
25706
25772
25802
25805
25899
25962
26010
26011
26025
26097
26142
26170
26346
26514
26534
26605
26637
26681
26736
26755
26920
26940
27011
27077
27131
27182
27190
27211
27326
27361
27384
27391
27424
27458
27467
27468
27497
27509
27521
27552
27691
27701
27726
27741
27742
27774
27785
27791
27796
27954
27974
27979
28035
28037
28052
28208
28211
28477
28483
28491
28765
28803
28838
28863
28886
28954
28994
29123
29194
29213
29285
29299
29333
29381
29506
29642
29652
29800
29840
29865
29875
29977
30142
30148
30202
30242
30258
30260
30277
30314
30348
30398
30466
30495
30580
30643
30686
30760
30770
30818
30871
30964
30973
31050
31081
31113
31204
31207
31402
31564
31569
31577
31578
31592
31762
31782
31982
32007
32066
32176
32220
32241
32330
32460
32547
32658
32714
32787
32790
32799
32959
33053
33080
33112
33132
33244
33290
33337
33378
33385
33435
33457
33500
33504
33517
33536
33574
33595
33599
33644
33683
33755
33776
33840
33847
33884
34082
34093
34197
34383
34449
34482
34546
34628
34669
34689
34840
34845
34847
34871
34908
34922
34936
34988
35009
35056
35061
35080
35081
35084
35126
35143
35172
35184
35191
35207
35219
35226
35252
35313
35319
35333
35342
35368
35409
35418
35461
35499
35568
35574
