414
7
14
16
51
81
115
117
161
205
223
235
298
321
334
359
370
429
434
436
439
445
455
462
481
487
502
507
556
583
688
714
741
746
764
796
811
872
879
899
933
1010
1018
1019
1045
1183
1207
1209
1246
1274
1290
1315
1354
1425
1444
1461
1506
1561
1601
1621
1639
1688
1689
1691
1706
1741
1819
1826
1841
1880
1932
1959
1962
1992
2028
2087
2157
2200
2232
2274
2356
2389
2515
2585
2681
2717
2755
2759
2797
2807
2813
2816
2834
2850
2879
2903
3019
3053
3079
3137
3141
3149
3153
3218
3289
3329
3334
3337
3394
3448
3459
3476
3484
3555
3616
3730
3742
3809
3839
3852
3909
3928
3948
3962
3989
4194
4204
4253
4263
4272
4285
4317
4320
4322
4327
4383
4393
4409
4433
4447
4473
4534
4537
4570
4652
4712
4725
4782
4816
4862
4885
4888
4966
4985
5076
5107
5118
5223
5258
5259
5442
5444
5461
5492
5511
5617
5640
5661
5684
5702
5726
5751
5805
5812
5822
5876
5878
5962
5975
5993
6041
6067
6087
6097
6109
6146
6206
6278
6384
6405
6411
6438
6446
6526
6571
6586
6602
6720
6748
6776
6785
6790
6799
6800
6802
6817
6832
6851
6889
6984
6990
6998
7006
7077
7183
7319
7320
7326
7336
7339
7391
7407
7417
7424
7432
7551
7569
7635
7641
7689
7726
7810
7907
7920
7966
8021
8024
8064
8066
8235
8314
8358
8419
8434
8449
8476
8518
8537
8646
8647
8665
8674
8690
8691
8719
8746
8780
8797
8963
8972
8975
9040
9079
9104
9147
9153
9173
9244
9363
9399
9428
9464
9505
9583
9605
9646
9677
9752
9760
9823
9829
9859
9879
9920
9969
9984
9997
9998
10001
10004
10009
10013
10021
10063
10088
10150
10176
10179
10307
10318
10350
10381
10542
10550
10561
10607
10621
10653
10714
10729
10734
10754
10760
10839
10881
10888
11070
11080
11084
11138
11252
11306
11310
11333
11387
11420
11421
11433
11441
11447
11471
11474
11507
11515
11520
11533
11557
11563
11577
11581
11616
11640
11672
11714
11715
11745
11748
11772
11832
11880
11974
11998
12045
12211
12214
12242
12296
12377
12385
12421
12505
12576
12597
12626
12692
12759
12809
12820
12874
12937
12940
12941
12942
12971
12972
13000
13007
13008
13063
13083
13118
13194
13236
13261
13294
13342
13384
13397
13403
13558
13602
13611
13632
13636
13668
13693
13695
13711
13771
13775
13795
13796
13807
13819
13937
14053
14128
14171
14201
14204
14213
14367
14370
14393
14407
