842
0
10
56
62
74
112
117
119
122
142
161
175
201
213
252
329
337
338
379
428
441
487
488
489
558
624
633
635
656
691
704
741
763
810
855
867
873
884
895
917
953
974
986
1011
1013
1026
1032
1035
1037
1107
1108
1155
1171
1174
1346
1356
1397
1491
1499
1513
1706
1743
1772
1778
1837
1868
1873
1944
1978
2033
2129
2132
2156
2163
2181
2226
2230
2251
2534
2535
2555
2626
2864
2887
2919
2929
2936
2951
2970
2982
3030
3044
3058
3059
3108
3109
3111
3135
3139
3216
3254
3261
3303
3323
3342
3349
3422
3477
3493
3528
3532
3537
3558
3574
3626
3654
3664
3673
3715
3721
3765
3767
3791
3792
3828
3864
3889
3907
3991
4042
4048
4086
4102
4104
4116
4138
4224
4242
4244
4303
4321
4349
4421
4425
4427
4454
4510
4608
4648
4660
4703
4740
4750
4797
4835
4842
4864
4930
4966
5025
5055
5075
5159
5210
5399
5416
5469
5494
5548
5604
5750
5881
5885
5948
5979
5984
5986
6004
6023
6084
6168
6206
6231
6307
6367
6432
6434
6492
6502
6509
6565
6644
6673
6675
6715
6758
6801
6837
6867
6893
6932
6944
7025
7120
7143
7187
7293
7318
7330
7382
7400
7676
7716
7736
7742
7923
8031
8103
8112
8216
8240
8242
8257
8283
8334
8346
8352
8359
8375
8389
8438
8460
8465
8490
8552
8573
8616
8619
8638
8648
8692
8714
8825
8829
8845
8871
8880
8907
8929
9009
9083
9095
9111
9233
9272
9276
9317
9323
9363
9416
9422
9484
9503
9515
9521
9617
9673
9716
9747
9817
9834
9890
9907
9945
9946
9953
9971
10012
10019
10031
10051
10139
10164
10233
10273
10315
10317
10341
10348
10354
10374
10396
10400
10458
10465
10521
10559
10578
10586
10589
10663
10667
10711
10737
10747
10787
10796
10864
10896
10906
10939
11020
11164
11190
11191
11192
11202
11242
11322
11336
11368
11407
11413
11414
11482
11589
11611
11620
11668
11719
11729
11773
11830
11875
12027
12076
12105
12152
12202
12330
12359
12367
12385
12415
12423
12517
12523
12540
12547
12556
12580
12642
12710
12715
12762
12783
12809
12827
12895
13010
13013
13045
13069
13072
13093
13139
13164
13183
13190
13200
13265
13384
13416
13450
13517
13522
13605
13644
13662
13673
13725
13796
13811
13933
13957
13982
13986
14009
14172
14219
14241
14324
14432
14464
14495
14498
14499
14544
14546
14551
14564
14578
14738
14798
14829
14830
14851
14869
14874
14894
14918
14957
14996
15006
15013
15094
15105
15153
15160
15185
15225
15337
15390
15429
15575
15651
15717
15789
15820
15968
15982
15985
16014
16024
16036
16044
16058
16079
16140
16242
16313
16359
16373
16379
16384
16505
16519
16546
16556
16559
16562
16565
16569
16604
16619
16624
16659
16661
16697
16712
16731
16749
16754
16764
16839
16849
16860
16889
16906
16908
16912
16916
16919
16924
16925
16933
16938
16954
16960
16968
16976
16998
17008
17049
17063
17132
17171
17206
17208
17209
17220
17339
17344
17377
17415
17470
17507
17609
17616
17642
17663
17680
17682
17685
17699
17769
17820
17835
17846
17883
17901
18040
18068
18087
18143
18339
18458
18460
18465
18526
18608
18642
18658
18718
18778
18793
18819
18833
18836
18946
18982
18984
18987
19079
19097
19190
19222
19240
19260
19303
19404
19435
19466
19470
19486
19498
19517
19569
19585
19635
19648
19669
19719
19753
19802
19877
19941
19958
20056
20060
20075
20226
20287
20354
20479
20489
20530
20567
20591
20645
20708
20738
20741
20828
20896
20934
20950
21053
21058
21064
21101
21133
21221
21395
21409
21412
21520
21537
21561
21592
21670
21684
21692
21737
21784
21790
21810
21822
21967
21987
21988
22000
22014
22108
22178
22233
22260
22298
22338
22357
22377
22492
22528
22533
22543
22548
22603
22632
22645
22709
22757
22765
22826
22827
22833
22884
22953
22983
23017
23052
23058
23138
23253
23387
23399
23465
23480
23614
23621
23752
23836
23884
23940
24062
24124
24161
24352
24448
24520
24592
24660
24967
25010
25012
25021
25085
25116
25198
25236
25266
25282
25299
25303
25304
25323
25432
25435
25445
25519
25648
25669
25698
25730
25996
26014
26091
26093
26130
26157
26169
26235
26308
26442
26459
26562
26634
26723
26956
26995
27074
27138
27174
27202
27232
27238
27253
27258
27262
27288
27384
27400
27413
27460
27468
27473
27491
27492
27493
27574
27577
27591
27592
27601
27605
27619
27649
27652
27663
27673
27676
27679
27680
27683
27778
27826
27838
27862
27897
27919
27925
27957
27968
27976
28007
28051
28090
28142
28159
28216
28217
28280
28320
28529
28599
28650
28705
28739
28780
28783
29039
29139
29147
29212
29262
29282
29339
29362
29419
29462
29501
29632
29634
29636
29692
29727
29762
29775
29813
29826
29837
29838
29915
29924
29930
30096
30111
30146
30291
30365
30407
30427
30446
30479
30520
30625
30626
30644
30658
30723
30774
30777
30800
30824
30860
30873
30879
30888
30941
30954
30974
31111
31145
31195
31239
31242
31272
31284
31307
31377
31390
31436
31471
31534
31542
31593
31612
31683
31697
31699
31702
31706
31782
31790
31824
31881
31893
31896
31953
32033
32048
32064
32113
32114
32123
32220
32289
32326
32358
32360
32404
32407
32408
