1297
43
47
53
186
399
450
454
468
543
550
606
610
681
692
758
818
825
887
945
970
1024
1183
1214
1294
1316
1378
1458
1535
1537
1550
1738
1916
1923
1944
2066
2093
2094
2115
2119
2131
2214
2275
2276
2282
2305
2442
2468
2532
2537
2585
2593
2758
2910
2973
3052
3055
3097
3179
3234
3242
3277
3279
3355
3434
3572
3586
3594
3614
3626
3630
3674
3684
3700
3724
3810
3813
3823
3881
3911
4045
4072
4173
4193
4240
4245
4294
4364
4370
4428
4583
4616
4668
4690
4736
4738
4739
4821
4893
4999
5086
5181
5197
5224
5285
5364
5392
5486
5516
5561
5567
5690
5749
5752
5887
5969
5974
5988
5992
6055
6147
6150
6249
6266
6305
6401
6409
6465
6494
6548
6554
6629
6633
6680
6771
6847
6918
6956
7131
7174
7181
7271
7346
7370
7606
7646
7724
7940
7965
7980
7982
8036
8134
8144
8264
8267
8326
8352
8388
8444
8476
8546
8553
8558
8576
8588
8880
8889
8921
8929
8938
8997
9210
9223
9232
9243
9373
9522
9650
9736
9783
9821
9827
9831
9836
9843
9846
9851
9861
9862
9969
10010
10027
10043
10048
10076
10121
10136
10218
10294
10307
10392
10599
10601
10621
10744
10824
10894
10984
11046
11216
11319
11341
11347
11354
11357
11418
11581
11584
11612
11625
11639
11647
11689
11727
11732
11810
11943
11959
11975
12064
12083
12094
12121
12139
12281
12314
12375
12412
12428
12489
12552
12631
12803
12909
12923
13055
13143
13150
13177
13206
13361
13375
13390
13426
13561
13571
13729
13731
13818
13888
14018
14038
14172
14187
14232
14287
14333
14413
14606
14607
14651
14671
14835
14938
15050
15096
15116
15220
15267
15294
15391
15522
15570
15609
15701
15719
15734
15761
15788
15862
15898
16093
16100
16112
16166
16184
16285
16410
16412
16423
16427
16542
16680
16750
16766
16791
16813
16823
16825
16882
16891
17011
17108
17145
17175
17341
17347
17404
17443
17674
17692
17791
17832
17973
18076
18172
18177
18197
18219
18224
18262
18340
18350
18441
18505
18586
18612
18643
18705
18743
18805
18864
19016
19052
19161
19175
19226
19277
19282
19297
19543
19545
19632
19731
19801
20035
20042
20079
20119
20311
20357
20505
20569
20660
20721
20746
20808
20821
20865
20887
20984
21006
21077
21093
21148
21258
21290
21302
21353
21356
21408
21461
21474
21586
21606
21626
21690
21769
21805
21858
22076
22124
22177
22415
22418
22451
22479
22554
22568
22611
22730
22810
22836
22883
23023
23093
23107
23128
23177
23300
23345
23437
23478
23589
23596
23679
23683
23687
23702
23720
23732
23900
24039
24086
24103
24119
24201
24222
24224
24306
24351
24395
24539
24677
24708
24791
24826
24874
24888
24899
24904
24915
24940
24958
25036
25043
25194
25221
25268
25363
25388
25397
25446
25482
25570
25668
25683
25799
25819
25832
25961
25971
25984
26027
26127
26132
26165
26177
26263
26329
26472
26516
26564
26568
26822
26871
26894
26973
27103
27270
27369
27397
27407
27411
27413
27436
27447
27509
27579
27587
27597
27679
27789
27810
27843
27887
27898
27903
27990
28031
28076
28090
28095
28111
28131
28133
28207
28217
28230
28235
28521
28568
28604
28717
28779
28790
28905
28913
28921
28924
28956
29009
29104
29520
29578
29591
29619
29621
29653
29665
29674
29680
29696
29790
29802
30233
30360
30421
30453
30518
30522
30556
30576
30708
30793
30821
30873
30874
30900
31151
31158
31245
31316
31349
31382
31383
31402
31404
31413
31456
31459
31517
31553
31566
31619
31970
32029
32070
32097
32115
32132
32133
32147
32150
32153
32167
32170
32186
32236
32275
32291
32355
32359
32431
32444
32451
32510
32574
32762
32818
32837
32849
32861
32960
33050
33057
33112
33128
33133
33149
33156
33234
33525
33540
33554
33567
33570
33616
33633
33652
33655
33676
33694
33696
33747
33777
33847
33871
33956
34015
34027
34031
34070
34072
34160
34175
34245
34287
34289
34389
34471
34475
34532
34559
34575
34654
34675
34716
34826
34843
34976
35058
35107
35237
35377
35669
35699
35781
35859
35880
35921
36049
36143
36219
36248
36254
36311
36316
36322
36323
36427
36541
36751
36772
36833
36871
36929
36944
37047
37081
37119
37122
37133
37289
37358
37407
37428
37525
37627
37646
37710
37832
37834
37862
37878
37889
37972
37981
38008
38151
38213
38227
38473
38525
38554
38682
38698
38740
38784
38794
38881
38916
39011
39027
39055
39066
39126
39279
39281
39298
39333
39353
39398
39430
39542
39573
39606
39878
39961
40015
40026
40040
40076
40306
40315
40316
40392
40399
40448
40503
40740
40830
40959
41089
41092
41126
41217
41452
41763
41888
41973
42047
42174
42327
42362
42523
42543
42546
42580
42679
42780
42782
42899
42910
42945
43108
43110
43137
43403
43508
43588
43596
43615
43638
43837
43860
43866
43991
44100
44103
44153
44165
44167
44272
44415
44515
44531
44542
44549
44704
44746
44814
44828
44894
44902
44904
45004
45057
45075
45114
45176
45204
45210
45279
45311
45321
45379
45436
45508
45527
45550
45588
45617
45636
45675
45744
45785
45853
45883
45895
45907
45917
46026
46195
46326
46348
46483
46601
46606
46768
46851
46923
47009
47035
47041
47111
47127
47178
47187
47217
47259
47328
47396
47413
47620
47623
47979
48044
48066
48156
48163
48287
48330
48374
48397
48492
48494
48670
48753
48758
48762
48839
48891
49085
49108
49112
49156
49182
49193
49260
49308
49311
49349
49361
49560
49561
49570
49670
49870
49890
49907
49930
49938
50014
50018
50093
50162
50167
50378
50411
50488
50559
50695
50705
50798
50801
50847
50887
50910
50912
50992
51156
51177
51311
51384
51388
51402
51511
51575
51721
51798
51952
52024
52089
52127
52187
52266
52303
52305
52370
52412
52494
52532
52790
52841
52918
52932
52975
53139
53373
53377
53381
53401
53408
53433
53451
53502
53531
53710
53737
53784
53806
53821
53823
53906
53932
53951
53952
54013
54032
54114
54128
54138
54156
54359
54421
54570
54573
54599
54685
54812
54836
54871
54880
54884
54899
54912
54918
54936
54942
54947
54983
54984
55033
55064
55078
55082
55106
55117
55141
55144
55187
55193
55203
55332
55517
55542
55551
55692
55701
55940
55961
55970
56045
56052
56187
56238
56243
56251
56300
56304
56330
56623
56683
56738
56746
56995
57008
57068
57209
57267
57286
57304
57313
57348
57365
57392
57413
57422
57436
57497
57498
57501
57510
57552
57594
57613
57621
57735
57768
57777
57807
57820
57882
57960
57985
57993
58177
58293
58362
58482
58680
58705
58708
58799
58809
58970
59003
59069
59174
59207
59223
59231
59267
59461
59582
59620
59624
59685
59735
59978
60065
60075
60246
60250
60450
60454
60457
60508
60613
60758
60765
60767
60874
60990
61057
61109
61170
61171
61173
61209
61213
61389
61402
61409
61485
61500
61547
61548
61597
61668
61693
61782
61804
61831
61834
61899
61975
62097
62122
62396
62528
62561
62803
62825
63020
63231
63249
63339
63419
63448
63509
63545
63634
63702
63703
63737
63771
63786
63850
63866
63886
63932
63971
64110
64149
64179
64183
64262
64325
64344
64377
64461
64487
64752
64762
64780
64788
64985
65030
65071
65098
65119
65141
65150
65178
65237
65425
65429
65447
65462
65600
65607
65608
65616
65640
65705
65826
65862
65898
65929
65961
65973
66000
66212
66289
66314
66358
66432
66438
66555
66579
66586
66607
66672
66674
66747
66794
66891
67036
67055
67059
67070
67090
67096
67160
67165
67226
67277
67311
67334
67399
67441
67442
67459
67494
67495
67497
67509
67543
67686
67769
67943
67948
67985
68126
68165
68212
68216
68219
68285
68434
68452
68459
68468
68567
68570
68579
68583
68717
68728
68746
68747
68771
68776
68836
68886
68993
69041
69149
69153
69155
69162
69227
69280
69334
69419
69424
69453
69467
69538
69590
69638
69669
69671
69746
69753
69787
69805
69816
69822
69838
69845
69879
69947
69959
69964
69969
69978
69998
70007
70009
70019
70030
70054
70071
70124
70147
70185
70194
70204
70223
70328
70345
70364
70409
70428
70446
70569
70615
70640
70641
70827
70860
70866
70867
70870
70899
70901
70905
70909
70913
70916
70928
70937
70960
70971
70973
70975
70991
71021
71074
71089
71142
71191
71211
71304
