1646
5
8
11
16
21
69
70
110
113
115
119
123
182
189
231
233
263
293
323
465
543
581
626
748
825
835
843
857
896
931
959
1015
1026
1063
1149
1160
1165
1208
1227
1287
1310
1356
1364
1411
1447
1504
1508
1509
1518
1543
1580
1601
1635
1661
1664
1681
1759
1814
1842
1866
1880
2018
2021
2025
2054
2105
2107
2117
2151
2173
2188
2275
2288
2293
2295
2318
2332
2456
2528
2554
2557
2590
2605
2674
2675
2688
2772
2782
2798
2803
2808
2816
2821
2838
2850
2869
2873
2922
2945
2952
3143
3145
3191
3193
3198
3225
3310
3313
3323
3376
3389
3395
3411
3448
3465
3468
3469
3574
3650
3654
3667
3672
3705
3889
3904
3915
3961
3985
3987
4064
4096
4115
4225
4254
4313
4320
4364
4365
4436
4442
4448
4484
4488
4508
4533
4535
4547
4564
4611
4618
4620
4677
4742
4760
4775
4788
4831
4891
4894
4936
5035
5044
5045
5067
5070
5087
5089
5099
5117
5149
5169
5234
5300
5360
5406
5476
5514
5547
5567
5578
5612
5657
5693
5700
5703
5787
5823
5922
5941
5964
5969
5979
6075
6105
6116
6134
6138
6149
6197
6223
6365
6374
6443
6508
6526
6530
6550
6559
6568
6630
6655
6657
6671
6701
6705
6738
6782
6797
6808
6852
6871
6956
6987
7016
7120
7190
7197
7217
7221
7253
7254
7272
7297
7319
7332
7361
7395
7397
7436
7441
7479
7532
7553
7684
7691
7768
7802
7846
7879
7989
8013
8101
8109
8144
8178
8199
8211
8254
8287
8370
8413
8430
8483
8499
8535
8620
8636
8933
8977
9040
9044
9103
9120
9141
9173
9190
9252
9380
9407
9432
9453
9496
9591
9621
9667
9682
9686
9702
9703
9793
9834
9864
9889
9895
9910
9913
9915
9950
9959
9975
9980
10021
10043
10094
10127
10162
10195
10200
10206
10241
10266
10289
10318
10323
10361
10387
10435
10442
10526
10528
10540
10578
10590
10630
10644
10647
10696
10718
10747
10752
10774
10784
10874
10894
10924
11001
11071
11101
11116
11124
11147
11221
11223
11241
11252
11263
11270
11282
11297
11320
11363
11395
11465
11529
11536
11607
11611
11690
11696
11698
11814
11823
11837
11882
11886
11975
11980
12003
12027
12108
12113
12225
12229
12293
12307
12309
12317
12359
12380
12526
12527
12541
12580
12589
12604
12624
12637
12639
12649
12654
12697
12703
12791
12818
12885
12909
12913
12932
12960
12972
13015
13028
13045
13053
13121
13184
13188
13200
13226
13227
13243
13304
13338
13386
13403
13455
13541
13564
13580
13639
13661
13667
13712
13726
13854
13865
13933
13936
13961
13964
13967
13974
13984
13994
14017
14109
14183
14289
14318
14327
14341
14355
14362
14413
14477
14557
14565
14619
14645
14669
14684
14818
14831
14909
15068
15086
15119
15204
15269
15389
15403
15438
15448
15450
15452
15528
15547
15562
15622
15719
15884
15946
15964
15989
16002
16024
16028
16101
16127
16139
16201
16316
16323
16330
16434
16437
16463
16489
16501
16551
16580
16603
16727
16733
16740
16752
16774
16783
16833
16850
16851
16924
16960
17020
17092
17100
17144
17154
17174
17184
17274
17303
17360
17377
17395
17455
17458
17462
17466
17471
17475
17479
17579
17643
17644
17701
17764
17864
17875
17936
17995
18098
18154
18269
18299
18335
18336
18343
18377
18443
18465
18466
18507
18558
18602
18627
18655
18656
18672
18690
18701
18791
18855
18875
18907
18925
18932
18969
19007
19100
19120
19133
19180
19184
19208
19268
19353
19394
19450
19456
19574
19599
19608
19657
19712
19728
19767
19774
19795
19798
19799
19845
19852
19863
19880
19955
19989
19994
20081
20098
20127
20171
20229
20263
20304
20338
20434
20439
20442
20450
20454
20532
20572
20590
20597
20688
20691
20723
20725
20786
20818
20898
20910
20964
21059
21104
21201
21239
21295
21313
21330
21348
21369
21372
21449
21475
21506
21507
21575
21624
21725
21742
21846
21851
21856
21934
21953
21969
22007
22017
22018
22022
22042
22065
22075
22117
22153
22167
22183
22226
22239
22278
22322
22406
22434
22469
22471
22489
22512
22542
22593
22616
22626
22670
22753
22817
22834
22884
22924
22961
22984
22995
23000
23054
23145
23180
23201
23260
23394
23458
23534
23567
23590
23605
23609
23626
23644
23718
23721
23795
23803
23926
23963
23983
24172
24189
24235
24341
24356
24357
24420
24421
24449
24453
24467
24477
24759
24764
24797
24811
24831
24900
24927
25007
25014
25047
25088
25179
25189
25286
25352
25388
25554
25608
25695
25697
25722
25809
25816
25817
25839
25898
25964
26016
26101
26210
26230
26236
26242
26328
26373
26404
26413
26615
26749
26766
26772
26788
26799
26916
26941
26980
27090
27095
27133
27199
27236
27258
27267
27305
27312
27317
27349
27352
27392
27434
27453
27558
27602
27614
27654
27711
27725
27760
27779
27843
27928
27935
27981
27985
27987
27988
28009
28067
28117
28164
28176
28197
28227
28231
28285
28293
28313
28317
28375
28378
28424
28436
28462
28502
28509
28523
28544
28577
28662
28682
28744
28808
28827
28833
28920
28961
29011
29061
29065
29066
29124
29203
29236
29294
29318
29330
29339
29375
29381
29547
29589
29617
29646
29647
29722
29760
29777
29828
29947
29995
30080
30271
30304
30364
30399
30443
30445
30507
30583
30601
30715
30721
30792
30943
31002
31052
31054
31058
31062
31084
31094
31134
31146
31167
31177
31287
31293
31296
31323
31383
31386
31394
31411
31414
31417
31429
31443
31481
31526
31543
31722
31763
31867
31893
31902
31963
32032
32033
32039
32050
32062
32137
32161
32209
32242
32244
32269
32373
32374
32433
32506
32572
32582
32674
33016
33036
33101
33119
33125
33131
33149
33196
33265
33271
33272
33284
33311
33324
33341
33346
33365
33418
33419
33500
33585
33604
33674
33677
33683
33689
33754
33763
33782
33817
33871
33959
33962
34043
34070
34126
34128
34159
34241
34263
34278
34321
34323
34347
34348
34387
34481
34531
34562
34684
34754
34767
34800
34876
34907
34920
34928
34986
35047
35115
35163
35238
35259
35267
35271
35448
35503
35534
35544
35561
35566
35633
35656
35678
35705
35806
35842
35846
35879
35889
35933
35958
35991
36019
36123
36313
36320
36322
36333
36343
36434
36506
36614
36658
36689
36730
36770
36795
36805
36842
36865
36922
36932
36935
36950
36962
36963
36970
36977
37026
37063
37103
37156
37192
37248
37285
37308
37336
37339
37341
37373
37485
37583
37594
37629
37630
37668
37727
37767
37776
37791
37797
37828
37830
37907
37932
37961
38059
38077
38125
38133
38146
38152
38159
38192
38200
38223
38235
38236
38242
38253
38268
38285
38289
38346
38375
38380
38445
38499
38540
38623
38653
38767
38815
38931
38949
39050
39090
39123
39186
39217
39296
39300
39315
39318
39347
39439
39494
39627
39645
39669
39677
39774
39811
39846
39954
39956
39982
39997
40071
40096
40118
40149
40198
40234
40236
40269
40297
40400
40418
40435
40445
40457
40486
40495
40538
40540
40541
40544
40569
40589
40596
40632
40679
40707
40745
40771
40951
40986
41010
41078
41114
41121
41163
41175
41193
41216
41221
41227
41257
41259
41299
41344
41360
41370
41375
41388
41389
41409
41431
41479
41568
41571
41614
41645
41648
41687
41724
41782
41826
41882
41958
41991
42019
42042
42045
42050
42104
42140
42143
42162
42215
42238
42296
42321
42339
42350
42373
42375
42417
42446
42461
42500
42614
42617
42627
42636
42673
42697
42699
42716
42743
42837
42875
42956
42999
43011
43020
43116
43126
43223
43257
43265
43413
43475
43486
43519
43525
43546
43646
43736
43737
43764
43772
43831
43866
43901
43904
43917
43928
44038
44121
44205
44246
44247
44268
44269
44272
44301
44388
44413
44438
44481
44504
44507
44563
44612
44687
44688
44691
44775
44827
44860
44872
44911
44939
44977
45014
45101
45113
45116
45156
45227
45249
45280
45304
45347
45381
45390
45408
45558
45593
45608
45674
45713
45748
45770
45824
45837
45906
45922
45923
45925
45933
46006
46018
46027
46036
46052
46057
46069
46104
46151
46159
46177
46261
46302
46424
46444
46452
46492
46500
46507
46558
46589
46592
46595
46680
46689
46691
46707
46708
46723
46773
46791
46850
46928
46929
46948
47091
47123
47142
47171
47204
47240
47281
47312
47337
47399
47411
47425
47429
47475
47529
47553
47604
47616
47623
47624
47631
47651
47691
47735
47750
47771
47793
47881
47901
47958
48003
48004
48016
48073
48109
48112
48121
48132
48165
48205
48264
48289
48299
48304
48327
48352
48356
48370
48497
48554
48619
48660
48734
48763
48767
48818
48856
48862
48887
48947
49169
49171
49221
49231
49282
49287
49307
49582
49638
49732
49748
49754
49784
49785
49798
49848
49859
49888
49957
50043
50061
50072
50099
50100
50108
50122
50180
50192
50215
50231
50345
50560
50630
50667
50686
50688
50695
50736
50795
50797
50946
50956
50972
51002
51012
51036
51046
51165
51206
51237
51345
51367
51368
51399
51461
51607
51624
51627
51689
51745
51746
51768
51772
51813
51836
52186
52227
52290
52295
52358
52385
52409
52634
52644
52701
52733
52758
52798
52829
52831
52902
52905
52989
53073
53097
53128
53159
53177
53188
53189
53207
53211
53241
53255
53296
53350
53358
53436
53517
53655
53705
53707
53753
53765
53825
53836
53864
53874
53877
53891
53906
53912
54019
54021
54055
54065
54151
54171
54204
54209
54324
54357
54402
54415
54426
54460
54472
54479
54523
54742
54795
54814
54842
54892
55046
55057
55066
55080
55111
55128
55134
55143
55148
55149
55185
55285
55299
55317
55402
56222
56770
56775
56782
56873
56905
57022
57045
57068
57109
57126
57216
57234
57248
57255
57408
57409
57426
57477
57514
57577
57587
57616
57646
57784
57820
57931
57953
58008
58052
58107
58134
58153
58228
58280
58281
58301
58331
58338
58441
58446
58452
58473
58483
58515
58541
58559
58571
58671
58685
58745
58778
58784
58792
58800
58803
58825
58949
58962
58972
59005
59009
59019
59063
59109
59148
59243
59319
59347
59391
59395
59493
59516
59574
59576
59579
59588
59644
59662
59693
59695
59716
59743
59759
59768
59783
59867
59900
59918
59954
59956
60040
60086
60089
60175
60214
60233
60431
60432
60444
60487
60493
60581
60591
60652
60685
60693
60704
60717
60786
60832
60889
60921
60928
60959
61005
61034
61068
61102
61110
61200
61208
61234
61236
61255
61266
61325
61410
61416
61440
61445
61481
61558
61581
61642
61659
61695
61740
