627
0
5
6
11
12
18
67
94
162
170
186
217
249
261
292
315
367
377
378
442
540
664
777
784
853
854
857
869
883
957
959
1036
1050
1072
1081
1086
1093
1117
1166
1167
1216
1243
1247
1269
1285
1315
1329
1379
1419
1510
1563
1591
1633
1721
1871
1897
1924
1936
2059
2129
2253
2289
2299
2320
2326
2339
2342
2373
2377
2381
2403
2406
2414
2436
2474
2508
2594
2612
2636
2645
2653
2693
2757
2773
2811
2832
2860
2879
2926
2965
2980
3060
3112
3146
3158
3162
3368
3407
3429
3446
3456
3474
3517
3561
3640
3664
3669
3724
3733
3776
3780
3861
3879
3952
3972
4043
4068
4076
4081
4084
4111
4124
4184
4250
4479
4482
4522
4531
4557
4588
4673
4678
4700
4789
4869
4873
4880
4891
4906
4939
4986
4996
5004
5049
5056
5063
5069
5110
5212
5262
5288
5336
5391
5411
5412
5451
5484
5498
5561
5612
5667
5672
5766
5767
5800
5827
5931
5951
5976
6014
6046
6060
6073
6079
6099
6147
6194
6197
6256
6274
6277
6292
6473
6477
6570
6611
6634
6638
6640
6664
6707
6724
6738
6739
6754
6785
6789
6792
6801
6855
6882
6966
6974
7056
7146
7148
7151
7214
7252
7416
7462
7476
7482
7539
7543
7562
7564
7597
7615
7623
7652
7658
7661
7755
7765
7772
7805
7813
7838
7868
7962
7978
7981
7990
8020
8027
8038
8040
8053
8095
8167
8174
8193
8242
8257
8342
8346
8357
8376
8434
8454
8465
8482
8581
8621
8639
8702
8775
8794
8824
8902
8938
9004
9039
9066
9092
9128
9188
9205
9227
9291
9293
9331
9339
9352
9416
9478
9544
9565
9605
9749
9792
9796
9812
9872
9877
9883
9898
9914
9928
9931
9955
9989
10004
10028
10060
10118
10149
10186
10188
10191
10196
10205
10215
10232
10254
10267
10279
10283
10291
10430
10471
10477
10551
10677
10697
10789
10812
10873
10881
10954
10978
10986
10989
11012
11025
11079
11115
11125
11163
11187
11192
11204
11251
11281
11322
11373
11419
11420
11552
11583
11586
11674
11688
11727
11729
11784
11786
11810
11833
11845
11847
11848
11854
11857
11892
11899
11987
12064
12067
12069
12087
12125
12163
12199
12200
12228
12254
12285
12411
12412
12455
12465
12493
12495
12547
12610
12617
12713
12725
12802
12820
12919
12920
13066
13090
13160
13179
13198
13202
13222
13231
13243
13248
13359
13374
13440
13505
13517
13564
13567
13587
13615
13709
13773
13809
13852
13878
13930
13974
14004
14162
14182
14200
14202
14260
14313
14358
14370
14379
14417
14424
14425
14534
14564
14581
14669
14776
14799
14868
14879
14947
15028
15048
15076
15085
15137
15160
15220
15227
15243
15253
15278
15285
15346
15347
15348
15397
15473
15537
15547
15596
15599
15601
15675
15678
15685
15687
15697
15712
15797
15818
15821
15868
15883
15887
15957
15962
15964
15976
15990
16044
16049
16114
16121
16131
16157
16162
16172
16173
16185
16214
16215
16218
16272
16292
16339
16361
16373
16397
16399
16433
16506
16516
16520
16547
16560
16582
16633
16720
16726
16780
16824
16901
16931
16964
16970
16973
16994
17057
17083
17121
17227
17259
17327
17330
17390
17464
17536
17542
17549
17566
17575
17602
17721
17741
17772
17795
17864
17876
17881
17906
17949
17992
18084
18108
18201
18228
18260
18275
18292
18299
18323
18421
18511
18613
18806
18849
18858
18917
19065
19113
19190
19213
19248
19258
19319
19390
19391
19409
19433
19470
19476
19503
19539
19565
19593
19612
19628
19639
19708
19723
19755
19768
19798
19803
19806
19827
19836
19891
19893
19909
19950
19988
20100
20160
20204
20221
20252
20324
20327
20341
20377
20378
20380
20396
20402
20409
20417
20431
20505
20508
20519
20522
20565
20576
20577
20583
20597
20623
20660
20663
20671
20681
20697
20715
20745
20813
20831
20854
20899
20913
20931
20943
20956
21049
21061
