430
3
63
109
182
246
352
384
502
658
771
820
859
980
1011
1100
1147
1165
1235
1293
1448
1569
1608
1730
1791
1816
1862
1952
2040
2051
2054
2342
2364
2407
2506
2601
2622
2719
2721
2764
2772
2776
2910
2945
3010
3036
3039
3053
3059
3063
3267
3367
3368
3439
3468
3537
3540
3674
3777
3784
3827
3874
3910
3961
4051
4135
4146
4250
4296
4417
4463
4489
4564
4607
4680
4779
4802
4896
4899
4950
4958
5006
5136
5194
5264
5266
5361
5446
5494
5538
5632
5722
5724
5825
5895
6080
6185
6298
6340
6412
6423
6570
6664
6691
6751
6804
6811
6815
6826
6849
6858
6904
6956
7041
7117
7188
7299
7332
7510
7558
7590
7602
7616
7861
7866
7885
7890
7909
7924
8021
8059
8087
8101
8114
8256
8383
8414
8425
8492
8607
8684
8697
8929
8948
8952
8999
9012
9047
9048
9143
9223
9245
9268
9360
9395
9404
9432
9443
9459
9525
9551
9578
9605
9608
9626
9819
9917
9964
10141
10196
10354
10642
10657
10705
10794
10870
11082
11118
11136
11256
11260
11296
11371
11461
11719
11749
11837
11865
11912
11992
12137
12188
12233
12301
12551
12731
12826
12863
13147
13180
13438
13441
13450
13495
13639
13667
13996
14028
14043
14079
14128
14191
14223
14305
14331
14378
14397
14439
14488
14505
14639
14789
15140
15165
15189
15274
15315
15335
15364
15535
15601
15668
15788
15826
15877
15916
16023
16035
16084
16115
16174
16209
16267
16276
16354
16365
16542
16582
16613
16631
16658
16939
16958
17193
17277
17287
17330
17376
17490
17638
17694
17778
17789
17918
17940
17952
17964
17979
18018
18055
18058
18343
18432
18481
18571
18621
18733
18750
18765
18773
18790
18869
18893
18932
18947
18956
19035
19097
19554
19646
19698
19760
19767
19829
19929
19932
20043
20063
20102
20109
20112
20240
20303
20321
20368
20373
20416
20465
20504
20558
20624
20628
20665
20666
20697
20725
20726
20769
20916
21020
21071
21075
21307
21362
21444
21648
21707
21709
21960
21989
22096
22099
22156
22172
22187
22290
22392
22429
22437
22562
22636
22709
22782
22787
22838
22853
22923
23082
23302
23351
23364
23428
23615
23619
23646
23749
23792
23856
23939
23955
24070
24281
24318
24367
24460
24533
24551
24630
24808
25032
25044
25172
25344
25458
25462
25476
25618
25685
25703
25718
25739
25883
25916
25952
25956
25991
26009
26041
26053
26075
26076
26081
26149
26178
26230
26264
26346
26355
26361
26362
26374
26381
26390
26395
26401
26417
26427
26455
26477
26479
26491
26503
26505
26509
26511
26512
26541
26578
26672
26691
26697
26845
26867
26888
26906
26926
26928
26957
26989
26990
27002
