400
211
251
259
403
406
410
480
503
507
610
621
721
778
841
871
901
939
1036
1216
1223
1279
1296
1426
1485
1612
1646
1659
1694
1728
1889
1893
2066
2070
2103
2115
2134
2234
2272
2358
2375
2471
2497
2554
2561
2635
2648
2728
2979
3112
3229
3333
3376
3452
3556
3561
3648
3658
3721
3753
3781
3838
4007
4059
4129
4250
4283
4463
4476
4486
4612
4643
4658
4707
4762
4828
4901
4942
5021
5039
5328
5469
5555
5558
5561
5754
5781
5971
6125
6208
6300
6343
6426
6546
6718
6727
6923
6959
7020
7033
7103
7208
7252
7420
7447
7534
7663
7701
7710
8026
8185
8214
8369
8420
8543
8664
8687
8841
8866
8897
9036
9169
9255
9302
9313
9413
9511
9564
9597
9601
9677
9825
9865
10157
10189
10328
10413
10523
10546
10678
10714
10792
11020
11074
11284
11285
11288
11340
11361
11372
11540
11600
11785
11868
11886
11939
12024
12047
12052
12118
12192
12257
12264
12507
12633
12671
12760
12815
12831
12911
13011
13049
13080
13095
13190
13243
13463
13484
13515
13530
13548
13557
13602
13708
13720
13852
13907
14070
14083
14370
14383
14536
14594
14595
14596
14697
14751
14798
14901
14946
15037
15177
15182
15209
15451
15493
15517
15565
15596
15642
15665
15669
15830
15841
15844
16016
16046
16238
16561
16577
16613
16741
16871
17090
17227
17367
17411
17415
17480
17488
17491
17495
17513
17538
17588
17589
17639
17647
17735
17843
17888
17977
18119
18126
18150
18316
18495
18496
18515
18734
18744
19017
19068
19118
19121
19328
19485
19498
19581
19651
19729
19761
19764
19806
19835
19868
19928
19985
20068
20116
20162
20202
20271
20300
20324
20430
20493
20502
20567
20687
20705
20711
20885
21033
21055
21072
21195
21214
21254
21271
21332
21399
21445
21459
21520
21577
21635
21946
21954
22049
22137
22260
22378
22383
22400
22451
22545
22650
22660
22661
22684
23012
23051
23190
23250
23390
23411
23466
23591
23631
23646
23665
23739
23960
24034
24075
24081
24124
24274
24300
24467
24565
24572
24598
24631
24643
24804
24906
24991
25015
25023
25195
25296
25395
25467
25474
25477
25490
25569
25600
25694
25730
25892
25944
25959
25994
26077
26273
26302
26416
26417
26485
26504
26568
26614
26622
26642
26667
26773
26812
26826
26888
26911
27020
27046
27244
27319
27328
27333
27483
27485
27511
27521
27534
27547
27556
27573
27585
27595
27625
27652
27701
27775
27782
27844
27861
27907
28010
28051
28070
28092
