571
50
52
73
85
87
108
135
143
160
162
198
200
212
219
254
256
294
372
402
461
474
487
536
618
671
772
785
791
820
871
890
917
998
1010
1028
1064
1095
1169
1212
1215
1319
1332
1354
1406
1465
1467
1510
1515
1519
1534
1632
1647
1648
1677
1685
1693
1697
1735
1743
1760
1823
1826
1836
1910
1922
1938
2071
2085
2129
2186
2251
2340
2344
2350
2362
2377
2412
2471
2482
2483
2637
2639
2659
2736
2739
2768
2842
2878
2902
2940
2950
2963
2989
3057
3058
3067
3096
3111
3143
3156
3185
3214
3217
3221
3261
3279
3366
3370
3418
3429
3446
3467
3478
3483
3604
3644
3648
3661
3669
3671
3682
3685
3697
3709
3726
3821
3845
3857
3875
3909
3910
3956
4011
4034
4085
4093
4131
4148
4172
4219
4255
4313
4318
4328
4331
4340
4402
4469
4499
4520
4522
4592
4608
4622
4636
4651
4730
4745
4770
4775
4790
4814
4846
4888
4925
4943
5076
5194
5230
5371
5484
5504
5508
5510
5525
5593
5608
5644
5654
5676
5720
5721
5756
5767
5780
5791
5879
5882
5903
5926
5932
5974
5988
5991
5993
6004
6058
6086
6104
6107
6111
6133
6190
6208
6230
6295
6355
6416
6431
6446
6459
6461
6483
6498
6562
6578
6611
6612
6636
6665
6734
6792
6798
6829
6833
6836
6848
6930
6976
7035
7101
7143
7184
7213
7242
7291
7309
7367
7418
7471
7508
7517
7629
7790
7916
7928
7965
8075
8096
8147
8154
8199
8202
8205
8229
8252
8264
8278
8295
8300
8359
8417
8430
8637
8664
8809
8829
8845
8846
8900
8916
8951
8956
9027
9030
9124
9148
9243
9292
9316
9363
9416
9465
9504
9519
9599
9607
9610
9638
9643
9657
9662
9706
9719
9735
9770
9775
9820
9849
9853
9859
9871
9928
9942
10059
10074
10094
10103
10129
10156
10194
10223
10332
10376
10452
10487
10494
10543
10665
10733
10747
10769
10826
10835
10864
10895
10922
10957
10970
10996
11024
11155
11229
11245
11257
11279
11283
11286
11310
11316
11337
11338
11347
11361
11368
11371
11403
11442
11455
11471
11514
11523
11569
11588
11601
11640
11672
11698
11756
11763
11951
11968
11981
11983
12111
12148
12213
12237
12294
12344
12384
12433
12435
12451
12462
12486
12490
12586
12596
12620
12623
12643
12649
12654
12679
12683
12688
12690
12798
12863
12872
12905
12931
13017
13028
13076
13078
13084
13085
13121
13179
13187
13190
13219
13227
13256
13290
13303
13324
13331
13354
13359
13372
13411
13427
13439
13581
13654
13666
13696
13714
13769
13800
13918
13948
13986
14003
14037
14076
14168
14241
14245
14278
14301
14308
14368
14379
14382
14419
14488
14513
14582
14595
14616
14631
14694
14698
14701
14738
14851
14926
14928
15015
15034
15073
15106
15138
15146
15219
15245
15264
15273
15309
15312
15342
15362
15512
15515
15524
15649
15667
15674
15700
15799
15832
15837
15847
15885
15909
15915
15983
16002
16009
16087
16095
16097
16116
16135
16180
16184
16188
16263
16298
16324
16339
16393
16447
16536
16630
16643
16649
16653
16664
16675
16706
16745
16757
16765
16807
16815
16824
16869
16875
16882
16930
16961
16970
16991
17016
17048
17104
17129
17169
17185
17223
17252
17257
17266
17268
17284
17308
17377
17378
17389
17393
17396
17427
17437
17446
17449
17455
17459
17470
17481
17490
17494
17502
17504
17509
17534
17539
17542
17552
17575
17581
17602
17657
17666
17689
17711
17727
17761
17763
17788
17844
17864
17865
17876
17878
17936
17999
