1806
3
8
19
32
84
102
144
145
167
183
198
209
217
304
317
345
426
475
507
509
541
555
557
573
601
737
745
749
768
771
910
928
982
1041
1047
1057
1061
1067
1078
1093
1096
1130
1131
1156
1183
1263
1268
1285
1290
1305
1341
1346
1350
1390
1394
1448
1462
1509
1549
1581
1584
1587
1602
1640
1649
1677
1684
1742
1761
1780
1810
1819
1832
1867
1897
1980
1993
1999
2015
2016
2019
2050
2055
2066
2119
2126
2175
2218
2284
2285
2320
2372
2401
2482
2492
2511
2514
2539
2570
2606
2791
2803
2804
2818
2844
2902
2912
3007
3218
3229
3235
3307
3345
3373
3415
3454
3513
3514
3542
3544
3549
3579
3631
3643
3676
3712
3718
3743
3754
3861
3882
3915
3951
3989
4060
4122
4145
4146
4156
4195
4199
4229
4235
4237
4254
4259
4293
4327
4357
4489
4502
4511
4533
4595
4618
4754
4805
4820
4830
4835
4842
4855
4948
4985
4998
5000
5049
5136
5181
5193
5252
5266
5303
5401
5454
5473
5535
5537
5576
5611
5617
5621
5637
5650
5654
5661
5664
5669
5678
5683
5687
5689
5706
5713
5716
5718
5724
5728
5758
5760
5792
5800
5805
5834
5836
5853
5855
5908
5913
5973
5986
6053
6072
6085
6101
6104
6113
6121
6127
6136
6145
6182
6198
6224
6235
6274
6313
6432
6504
6549
6553
6613
6648
6687
6689
6714
6725
6748
6832
6841
6925
6938
6958
6968
7018
7049
7053
7062
7091
7097
7131
7152
7204
7329
7503
7506
7519
7575
7618
7642
7707
7717
7837
7876
7899
7950
8069
8121
8159
8207
8208
8225
8248
8300
8326
8514
8554
8713
8752
8921
8973
9023
9105
9192
9234
9285
9304
9371
9382
9393
9412
9475
9485
9605
9666
9700
9715
9727
9772
9776
9806
9827
9859
9935
10026
10057
10115
10189
10193
10285
10310
10319
10322
10340
10368
10388
10389
10407
10430
10451
10454
10459
10503
10579
10582
10593
10601
10622
10630
10632
10666
10704
10715
10733
10775
10783
10784
10810
10846
10874
10904
11042
11079
11105
11142
11293
11297
11299
11322
11338
11372
11398
11418
11466
11476
11486
11532
11545
11572
11609
11619
11665
11708
11730
11767
11776
11813
11814
11894
11895
11908
11917
11937
11969
12035
12039
12044
12045
12091
12113
12132
12140
12144
12148
12150
12157
12161
12182
12183
12191
12209
12223
12287
12299
12301
12330
12331
12347
12370
12374
12376
12380
12394
12398
12405
12409
12413
12415
12417
12418
12433
12448
12450
12477
12486
12517
12539
12559
12583
12606
12607
12628
12681
12706
12740
12772
12791
12797
12800
12801
12811
12856
12858
12879
12893
12947
13029
13030
13061
13202
13228
13252
13289
13335
13372
13377
13448
13534
13633
13646
13658
13683
13706
13826
13881
13914
13929
13933
13967
13973
13987
13993
13997
14001
14015
14023
14047
14097
14102
14161
14174
14186
14227
14245
14259
14408
14444
14445
14449
14451
14460
14471
14482
14494
14508
14540
14564
14625
14637
14719
14792
14805
14807
14866
14879
14880
14915
14972
14985
15052
15065
15160
15188
15228
15254
15272
15313
15363
15369
15432
15438
15480
15522
15553
15622
15641
15679
15684
15689
15718
15725
15741
15745
15749
15760
15764
15780
15792
15817
15838
15850
15861
15887
15900
15909
15948
15982
15983
16035
16041
16045
16114
16153
16195
16205
16210
16240
16256
16283
16309
16310
16356
16359
16369
16400
16450
16497
16532
16578
16579
16585
16590
16707
16728
16763
16842
16845
16868
16873
16929
16932
16944
16950
16962
16971
17006
17010
17063
17079
17117
17118
17140
17163
17172
17183
17205
17262
17341
17446
17495
17500
17530
17541
17568
17646
17704
17729
17748
17774
17796
17828
17839
17854
18003
18004
18011
18092
18093
18152
18160
18276
18310
18324
18328
18349
18433
18536
18596
18609
18626
18777
18783
18847
18864
18876
18920
18963
18967
18975
19011
19028
19039
19145
19276
19278
19305
19329
19341
19420
19433
19458
19533
19581
19748
19765
19782
19789
19823
19828
19830
19848
19860
19925
19928
19951
19958
19991
20015
20057
20083
20095
20119
20201
20202
20227
20259
20269
20276
20280
20300
20308
20313
20323
20333
20351
20369
20391
20401
20455
20490
20543
20550
20576
20606
20618
20630
20633
20756
20762
20896
21016
21084
21155
21183
21305
21329
21354
21384
21413
21441
21442
21445
21472
21537
21588
21623
21690
21906
21921
21928
21935
22090
22132
22142
22252
22258
22277
22316
22325
22348
22379
22395
22566
22626
22641
22839
22867
22942
22946
22990
23010
23036
23087
23114
23119
23132
23145
23157
23166
23168
23174
23178
23211
23249
23264
23318
23332
23346
23375
23378
23381
23389
23393
23429
23432
23455
23519
23577
23582
23599
23612
23621
23652
23656
23657
23725
23746
23779
23816
23890
23902
23931
23934
23951
23960
23972
23991
24000
24007
24042
24055
24060
24075
24167
24183
24209
24213
24214
24216
24231
24255
24311
24444
24470
24511
24537
24545
24581
24600
24603
24612
24620
24644
24733
24746
24750
24772
24781
24818
24857
24858
24875
24933
24940
24955
24981
25043
25132
25144
25158
25159
25219
25238
25302
25323
25347
25355
25391
25412
25472
25477
25532
25545
25565
25618
25640
25667
25701
25731
25788
25930
25987
25995
26033
26099
26101
26127
26136
26149
26188
26189
26211
26219
26228
26344
26347
26376
26410
26438
26457
26529
26541
26588
26604
26617
26662
26668
26727
26736
26753
26808
26811
26923
26926
26928
26959
27321
27359
27362
27364
27453
27475
27492
27510
27533
27548
27552
27581
27610
27636
27665
27667
27674
27704
27716
27724
27725
27742
27754
27755
27762
27771
27861
27889
27946
28013
28042
28086
28102
28109
28110
28114
28194
28218
28225
28252
28301
28308
28365
28394
28462
28476
28478
28492
28574
28589
28602
28620
28667
28774
28796
28798
28829
28831
28840
28866
28871
28878
28918
28925
28935
28939
28980
28984
28997
29013
29020
29140
29168
29213
29243
29303
29371
29399
29413
29438
29451
29526
29561
29603
29605
29637
29649
29657
29669
29717
29726
29729
29762
29790
29821
30064
30102
30109
30138
30205
30217
30237
30244
30267
30289
30334
30341
30365
30398
30445
30450
30470
30570
30571
30700
30709
30732
30743
30785
30786
30787
30790
30818
30823
30849
30881
30890
30907
30920
30944
30970
31046
31076
31084
31102
31125
31197
31232
31239
31241
31266
31296
31306
31320
31334
31340
31349
31421
31474
31543
31552
31729
31741
31777
31793
31870
31872
31880
31937
31982
32028
32073
32082
32083
32137
32147
32203
32209
32220
32221
32235
32241
32277
32299
32301
32304
32318
32357
32376
32379
32384
32465
32478
32494
32509
32517
32523
32525
32542
32558
32589
32600
32721
32797
32819
32845
32864
32895
32958
32970
32973
32976
32984
32994
33003
33041
33056
33228
33239
33249
33253
33265
33297
33304
33332
33366
33384
33391
33503
33515
33555
33559
33566
33593
33615
33649
33656
33718
33752
33771
33775
33795
33838
33908
33929
33946
33995
34039
34110
34114
34187
34225
34296
34367
34388
34461
34501
34502
34506
34530
34561
34621
34652
34675
34697
34699
34709
34767
34796
34875
34901
35000
35054
35085
35086
35092
35098
35099
35120
35131
35150
35165
35179
35188
35200
35220
35236
35240
35260
35298
35360
35389
35412
35458
35474
35595
35609
35634
35655
35765
35770
35799
35841
35887
36021
36062
36192
36207
36250
36289
36388
36412
36480
36492
36538
36562
36567
36599
36602
36613
36629
36636
36686
36728
36778
36782
36802
36805
36822
36838
36862
36895
36898
36953
36963
36965
37007
37013
37030
37079
37092
37095
37114
37135
37193
37274
37373
37437
37443
37484
37504
37564
37574
37595
37717
37753
37762
37782
37807
37864
37872
37904
37906
37926
37971
37983
37985
38049
38056
38077
38123
38128
38138
38146
38161
38179
38186
38205
38227
38259
38301
38564
38593
38597
38598
38629
38630
38730
38733
38744
38756
38789
38803
38830
38865
38871
38872
38874
38910
38933
38953
38990
38996
39009
39031
39046
39097
39100
39118
39395
39472
39566
39669
39723
39728
39894
39896
39909
39951
39958
39991
40073
40110
40116
40148
40162
40175
40178
40208
40230
40297
40347
40367
40370
40398
40420
40427
40491
40534
40559
40566
40578
40588
40653
40660
40674
40711
40732
40734
40784
40808
40814
40842
40873
41032
41049
41070
41084
41085
41090
41149
41190
41191
41209
41273
41298
41429
41436
41446
41498
41643
41686
41703
41812
41958
41963
41981
41985
41992
42002
42020
42023
42032
42052
42075
42124
42159
42167
42170
42176
42183
42195
42200
42201
42233
42324
42334
42335
42338
42340
42360
42400
42402
42423
42428
42443
42474
42481
42502
42543
42545
42565
42588
42589
42616
42622
42624
42643
42654
42669
42702
42706
42721
42745
42797
42813
42869
42889
42936
42957
42979
42984
43027
43127
43174
43186
43259
43363
43514
43545
43586
43617
43789
43794
43915
43967
44008
44030
44108
44112
44173
44175
44190
44209
44218
44331
44337
44371
44375
44410
44448
44483
44504
44552
44602
44635
44678
44701
44717
44735
44759
44823
44853
44855
44872
44938
44958
45048
45168
45173
45174
45183
45249
45261
45278
45282
45337
45392
45468
45491
45498
45503
45571
45647
45692
45729
45735
45763
45767
45774
45803
45838
45839
45858
45870
45873
45885
45889
45907
45991
46015
46053
46057
46094
46169
46242
46263
46335
46351
46450
46455
46459
46469
46484
46495
46497
46498
46499
46500
46502
46505
46506
46508
46512
46517
46524
46545
46555
46562
46585
46588
46594
46609
46619
46620
46640
46645
46647
46650
46654
46661
46666
46670
46679
46725
46730
46734
46770
46781
46797
46808
46812
46815
46850
46861
46867
46909
46914
46915
46916
46917
46919
46934
46937
46946
46947
46955
47002
47075
47091
47103
47143
47149
47154
47159
47203
47229
47277
47281
47296
47303
47312
47313
47314
47355
47367
47369
47371
47374
47376
47377
47378
47379
47415
47440
47447
47465
47474
47476
47490
47492
47496
47500
47501
47521
47524
47528
47549
47564
47680
47707
47735
47738
47739
47740
47741
47743
47750
47756
47766
47770
47779
47785
47793
47796
47804
47806
47811
47818
47820
47823
47833
47838
47842
47845
47905
47906
47910
47915
47955
47966
47979
48021
48023
48075
48085
48094
48118
48134
48151
48181
48192
48202
48203
48206
48210
48216
48218
48219
48229
48272
48273
48326
48331
48343
48344
48349
48354
48360
48362
48368
48370
48386
48389
48394
48406
48421
48433
48442
48449
48458
48476
48493
48501
48559
48563
48575
48587
48588
48593
48599
48636
48645
48652
48664
48690
48728
48813
48860
48889
48900
48906
48915
48916
48922
48926
48950
48972
48977
48991
48996
48999
49012
49016
49018
49057
49058
49072
49078
49081
49085
49104
49109
49121
49127
49137
49138
49142
49143
49148
49157
49160
49168
49173
49182
49208
49219
49220
49234
49239
49242
49262
49265
49272
49276
49277
49283
49286
49301
49303
49304
49305
49317
49318
49326
49330
49332
49333
49340
49352
49355
49356
49358
49360
49368
49370
49380
49397
49403
49415
49417
49420
49433
49460
49466
49523
49530
49545
49560
49562
49586
49595
49596
49657
49666
49673
49678
49701
49741
49758
49791
49798
49805
49816
49823
49824
49836
49844
49850
49879
49919
49988
50018
50101
50116
50122
50129
50132
50134
50140
50148
50149
50152
50153
50154
50156
50160
50169
50184
50189
50193
50194
50197
50199
50203
50204
50205
50207
50210
50216
