523
2
63
133
163
201
346
351
429
443
456
525
531
553
591
598
601
632
720
788
924
932
958
961
963
988
996
1081
1132
1149
1195
1238
1259
1382
1663
1721
1743
1884
1885
2017
2064
2175
2283
2379
2410
2456
2548
2569
2590
2690
2828
2900
2920
3000
3155
3182
3188
3509
3629
3782
3967
3979
4051
4112
4187
4256
4436
4573
4624
4638
4885
4936
5028
5065
5082
5160
5473
5488
5494
5538
5657
5737
5741
5814
5836
5905
5969
6273
6308
6329
6416
6435
6498
6511
6617
6644
6710
6732
6780
6841
6867
6891
6952
6957
6969
7057
7073
7142
7208
7318
7438
7563
7575
7578
7588
7686
7694
7725
7749
7833
7904
8001
8041
8102
8118
8297
8501
8529
8581
8673
8716
8724
8880
8915
8996
9202
9204
9241
9255
9436
9458
9545
9629
9651
9704
9705
9787
9879
9902
9972
10032
10067
10171
10195
10225
10262
10275
10282
10360
10371
10437
10464
10481
10570
10602
10626
10627
10628
10663
10670
10782
10787
10815
10916
10938
10993
11013
11063
11113
11134
11160
11198
11210
11441
11653
11662
11702
11712
11713
11745
11840
11872
11903
12083
12111
12216
12231
12243
12246
12252
12258
12261
12275
12344
12417
12489
12590
12603
12607
12638
12706
12809
12821
12833
12906
12976
13074
13075
13126
13168
13201
13217
13304
13446
13505
13633
13670
13757
13776
13920
13922
13928
14072
14399
14439
14474
14490
14512
14546
14585
14686
14718
14769
14810
14954
15053
15092
15165
15217
15232
15337
15497
15657
15691
15856
15924
15949
15969
16023
16082
16106
16306
16386
16477
16510
16588
16705
16725
16727
16844
16932
16958
17000
17024
17040
17088
17447
17474
17514
17552
17577
17581
17594
17904
17954
18132
18134
18191
18273
18308
18316
18371
18415
18453
18457
18517
18639
18724
18832
18948
18978
19136
19164
19167
19193
19249
19253
19396
19424
19446
19473
19528
19546
19564
19920
19926
19954
20101
20167
20215
20259
20516
20529
20627
20644
20688
20751
21068
21134
21326
21337
21488
21622
21713
21760
21806
21853
21865
21958
22112
22120
22121
22158
22227
22292
22367
22393
22406
22455
22473
22582
22735
22867
22923
23026
23081
23333
23348
23375
23399
23529
23556
23566
23599
23668
23701
23835
24019
24120
24159
24203
24238
24473
24488
24510
24536
24702
24730
24866
24916
24933
25008
25030
25176
25263
25366
25370
25461
25486
25528
25541
25554
25682
25717
25869
25917
25919
25953
25994
26031
26081
26107
26109
26155
26225
26315
26342
26365
26382
26445
26500
26515
26524
26625
26654
26817
26880
26957
26994
26995
27052
27054
27055
27236
27302
27308
27362
27380
27616
27663
27728
27807
27897
27903
28019
28068
28156
28169
28241
28251
28268
28322
28331
28342
28353
28372
28429
28464
28517
28532
28587
28671
28737
28808
28826
28832
28863
28880
28908
28913
29021
29112
29136
29169
29244
29307
29315
29338
29441
29474
29645
29699
29711
29799
29804
29884
29950
29954
29961
30020
30031
30033
30050
30051
30056
30057
30058
30069
30073
30076
30085
30087
30096
30103
30107
30125
30132
30142
30149
30161
30230
30288
30307
30331
30373
30396
30399
30404
30477
30555
30570
30579
30581
30634
30644
30662
30705
30725
30764
30776
30818
30913
30996
31036
