477
2
4
58
65
85
136
140
182
194
237
301
304
318
330
348
399
446
500
501
544
557
583
585
606
609
623
634
636
693
722
762
810
838
857
985
1006
1064
1070
1076
1119
1163
1194
1265
1312
1330
1337
1341
1376
1397
1488
1489
1517
1546
1599
1628
1665
1669
1670
1694
1737
1747
1794
2052
2159
2192
2233
2263
2312
2314
2328
2342
2422
2563
2607
2668
2698
2712
2732
2783
2850
2958
2968
2995
3006
3134
3154
3195
3378
3422
3501
3555
3562
3565
3644
3678
3694
3710
3715
3732
3753
3765
3810
3816
3824
3906
3972
4020
4118
4179
4208
4231
4241
4266
4270
4346
4415
4429
4445
4464
4535
4592
4651
4685
4724
4775
4795
4896
4960
4974
4978
5082
5083
5096
5100
5242
5273
5311
5313
5323
5346
5419
5456
5549
5550
5588
5605
5618
5620
5626
5662
5745
5754
5797
5816
5836
5847
5867
5896
5934
5981
5995
6043
6088
6109
6130
6132
6159
6191
6198
6239
6284
6302
6319
6407
6475
6487
6573
6596
6604
6610
6612
6635
6653
6668
6678
6705
6752
6788
6807
6812
6818
6851
6857
6866
6870
6885
6912
6936
6952
7082
7100
7104
7135
7153
7213
7260
7296
7313
7323
7337
7380
7423
7445
7456
7541
7580
7591
7635
7640
7734
7825
7838
7864
7874
7900
8034
8083
8146
8155
8182
8191
8221
8300
8370
8404
8425
8427
8458
8519
8612
8664
8760
8768
8798
8805
8851
8877
8906
8952
9035
9127
9187
9238
9309
9318
9334
9336
9347
9415
9425
9428
9438
9444
9448
9455
9479
9483
9512
9721
9760
9899
9943
9953
10001
10016
10046
10089
10142
10179
10193
10266
10361
10401
10402
10576
10587
10602
10634
10674
10702
10773
10782
10808
10837
10842
10850
10853
10922
10938
11016
11022
11063
11064
11083
11127
11131
11142
11156
11210
11216
11237
11263
11267
11334
11345
11347
11391
11410
11430
11455
11482
11673
11783
11798
11823
11833
11844
11854
11861
11866
11875
11898
12000
12169
12171
12210
12250
12282
12287
12337
12360
12468
12498
12538
12610
12613
12625
12627
12643
12715
12767
12774
12848
12866
12888
12935
12940
13020
13130
13199
13240
13252
13343
13498
13524
13538
13541
13555
13585
13598
13653
13730
13749
13791
13869
13895
13899
13968
13977
14034
14068
14089
14105
14135
14150
14205
14310
14332
14384
14436
14571
14656
14676
14687
14696
14719
14770
14799
14829
14889
15063
15102
15169
15215
15266
15272
15306
15334
15364
15403
15411
15450
15462
15479
15480
15521
15536
15555
15575
15690
15740
15747
15783
15787
15788
15826
15830
15858
15893
15970
15989
16040
16068
16075
16080
16190
16212
16259
16299
16320
16331
16351
16440
16478
16506
16515
16531
16535
16537
16544
16557
16585
16596
16599
16610
16627
16643
16646
16651
16703
16738
16740
16764
16766
16812
16877
16888
16890
16916
16927
16956
16984
17002
17007
17022
17028
17174
