945
6
7
12
15
91
102
191
197
211
216
275
309
352
365
371
522
544
553
617
728
859
865
1009
1110
1118
1198
1215
1287
1365
1502
1520
1548
1562
1571
1618
1681
1736
1738
1745
1749
1758
1775
1789
1808
1852
1860
1864
1970
1971
2423
2424
2461
2637
2682
2688
2704
2721
2863
2907
2992
3110
3118
3151
3163
3173
3180
3202
3211
3291
3332
3337
3352
3404
3424
3500
3523
3562
3566
3569
3594
3596
3642
3757
3788
3814
3822
3887
4065
4070
4084
4102
4276
4322
4355
4450
4576
4628
4952
5003
5004
5028
5113
5129
5132
5160
5166
5239
5257
5267
5325
5331
5338
5364
5396
5546
5580
5583
5627
5698
5728
5748
5767
5790
5797
5816
5827
5941
5947
5968
6112
6181
6189
6216
6228
6280
6298
6371
6521
6560
6585
6646
6647
6683
6715
6744
6748
6762
6766
6857
6919
6927
6939
6946
6951
6973
7124
7144
7419
7453
7500
7525
7693
7702
7735
7752
7822
7887
7894
7938
8033
8093
8106
8149
8175
8375
8436
8531
8613
8756
8780
8871
8872
8896
8945
9033
9063
9072
9085
9113
9129
9290
9545
9595
9597
9602
9605
9639
9866
9872
9923
9952
10009
10342
10384
10412
10452
10495
10504
10529
10541
10559
10582
10606
10679
10832
10958
10989
11018
11076
11095
11103
11123
11238
11303
11482
11573
11608
11657
11665
11703
11765
11841
11890
12044
12135
12210
12228
12332
12366
12392
12459
12465
12475
12476
12591
12665
12725
12737
12817
13274
13387
13526
13671
13692
13872
13935
13960
14064
14168
14177
14181
14373
14440
14447
14479
14548
14561
14760
14820
14844
14879
14891
14993
14998
15037
15060
15073
15211
15219
15323
15364
15403
15466
15503
15683
15713
15800
15833
16056
16125
16226
16255
16269
16581
16624
16627
16702
16850
16872
16882
16940
16945
17001
17074
17076
17097
17120
17157
17173
17197
17253
17270
17431
17512
17632
17775
17788
17791
17803
17812
17830
17906
17965
17973
18153
18229
18554
18563
18635
18646
18656
18725
18736
18782
19015
19039
19094
19149
19249
19307
19370
19380
19388
19529
19568
19593
19637
19720
19851
19868
20099
20159
20282
20292
20431
20468
20488
20499
20550
20642
20796
21031
21052
21080
21107
21130
21166
21175
21211
21227
21248
21272
21312
21551
21589
21645
21679
21724
21819
21842
21875
21878
21892
21925
22051
22076
22086
22190
22234
22254
22382
22390
22486
22573
22663
22712
22763
22888
22973
22992
23076
23109
23115
23326
23349
23404
23609
23647
23666
23781
23795
23828
23830
23857
23958
23962
23965
24038
24043
24177
24241
24250
24258
24296
24313
24451
24499
24590
25048
25114
25117
25143
25191
25202
25281
25336
25453
25483
25540
25547
25561
25840
25847
25876
25911
25995
26004
26030
26065
26291
26419
26477
26514
26557
26595
26646
26682
26694
26697
26731
26774
26789
26834
26853
26914
26960
26964
26972
27008
27027
27086
27179
27222
27229
27248
27306
27413
27458
27510
27572
27658
27712
27908
28247
28254
28320
28408
28484
28565
28604
28605
28621
28650
28673
28694
28739
28781
28820
28830
28885
29209
29259
29268
29292
29558
29579
29589
29590
29598
29602
29620
29644
29680
29706
29709
29736
29798
29837
29842
29867
29909
29995
29996
30002
30009
30130
30172
30199
30212
30224
30241
30249
30296
30297
30308
30313
30322
30343
30364
30366
30403
30409
30417
30420
30430
30442
30449
30462
30538
30593
30612
30670
30676
30740
30795
30798
30811
30949
30978
31095
31191
31266
31280
31312
31354
31364
31378
31448
31463
31478
31482
31541
31597
31639
31690
31699
31726
31737
31743
31744
31817
31822
31854
31882
31960
32081
32183
32186
32223
32336
32533
32552
32784
32828
33006
33175
33326
33354
33432
33493
33495
33583
33617
33819
33914
34042
34053
34056
34234
34299
34375
34433
34518
34602
34717
34776
34821
34864
34905
35028
35103
35128
35210
35234
35337
35426
35483
35510
35733
35747
36056
36108
36179
36365
36439
36521
36528
36622
36659
36668
36703
36756
36787
36821
36875
37000
37033
37323
37331
37364
37566
37639
37646
37691
37950
38004
38005
38131
38204
38229
38242
38475
38487
38597
38616
38618
38643
38920
39135
39143
39158
39184
39399
39491
39617
39623
39652
39714
39848
40045
40111
40170
40185
40230
40246
40250
40297
40406
40428
40434
40460
40498
40534
40546
40552
40577
40602
40610
40638
40733
40743
40760
41064
41104
41179
41298
41367
41473
41577
41646
41725
41757
41780
41836
41938
42032
42273
42348
42381
42462
42638
42802
42806
42857
43042
43091
43188
43250
43285
43387
43478
43731
43743
43813
43886
43894
43924
43956
43957
44136
44178
44238
44369
44693
44706
44835
44906
44974
44991
45011
45035
45207
45376
45439
45568
45661
45676
45702
45919
46047
46074
46084
46108
46226
46254
46265
46293
46495
46538
46624
46705
46706
46912
46933
46972
47084
47140
47166
47183
47551
47654
47773
47818
47864
47897
47905
47947
47977
47984
48017
48027
48041
48069
48320
48340
48385
48559
48560
48571
48590
48598
48615
48624
48641
48661
48663
48683
48685
48717
48719
48747
48750
48755
48761
48772
49013
49077
49091
49216
49232
49296
49370
49441
49443
49633
49657
49785
50135
50193
50224
50267
50306
50323
50358
50448
50484
50546
50583
50621
50634
50845
51085
51212
51218
51291
51324
51356
51414
51590
51746
51772
51797
51886
51887
51908
51941
51993
52079
52195
52242
52243
52251
52254
52257
52373
52390
52535
52538
52550
52586
52705
52968
53090
53143
53203
53355
53431
53452
53490
53507
53530
53554
53653
53679
53689
53690
53738
53794
53823
53882
53887
53914
53937
54018
54046
54084
54099
54202
54225
54240
54260
54286
54288
54351
54661
54666
54805
54818
54821
54845
54891
54901
54910
54919
54920
54948
54991
55000
55056
55072
55109
55124
55142
55165
55203
55207
55215
55218
55255
55413
55458
55468
55565
55587
55623
55648
55746
55758
55781
55797
55820
55898
55902
56101
56103
