1978
2
9
69
157
309
332
352
379
396
422
430
431
436
466
558
574
631
712
737
791
941
998
1035
1074
1134
1170
1325
1451
1522
1654
1787
1841
1903
1999
2019
2029
2030
2050
2098
2106
2134
2157
2259
2338
2367
2404
2484
2514
2516
2553
2690
2785
2873
2909
2996
3045
3046
3074
3123
3152
3257
3275
3386
3391
3398
3414
3526
3674
3701
3733
3782
3855
3948
4039
4195
4200
4252
4419
4457
4632
4646
4681
4698
4774
4802
4937
4964
5014
5202
5410
5420
5433
5437
5556
5581
5667
5714
5725
5821
5874
6043
6063
6103
6250
6315
6413
6437
6456
6461
6542
6556
6624
6691
6749
6944
6952
6958
7008
7019
7173
7220
7234
7284
7303
7332
7347
7370
7373
7436
7490
7649
7664
7712
7760
7798
7837
7880
7893
7896
7982
7993
7999
8010
8033
8072
8189
8238
8250
8576
8599
8647
8656
8713
8785
8833
8834
8846
8866
9010
9019
9129
9142
9253
9337
9370
9387
9427
9429
9453
9555
9573
9656
9691
9694
9803
9887
9976
10019
10198
10229
10269
10343
10361
10562
10565
10750
10752
10756
10768
10777
10832
10858
10868
10883
10904
10913
10929
10993
10997
10999
11000
11017
11019
11026
11033
11035
11043
11062
11076
11080
11108
11164
11169
11229
11240
11293
11429
11438
11575
11576
11584
11592
11642
11664
11677
11706
11712
11722
11725
11730
11732
11747
11790
11854
11864
11930
11968
12205
12254
12263
12299
12402
12407
12459
12519
12625
12663
12712
12787
12816
12878
13031
13058
13092
13174
13202
13205
13232
13234
13241
13334
13383
13419
13436
13493
13521
13606
13648
13657
13860
13870
13894
13911
13978
14083
14116
14324
14344
14357
14376
14462
14486
14492
14494
14593
14635
15064
15127
15361
15399
15501
15597
15749
15783
15815
15872
15950
15969
16155
16162
16163
16395
16498
16773
16861
16864
16887
16936
17081
17202
17273
17346
17382
17419
17469
17503
17595
17671
17790
17792
17872
17941
18001
18073
18093
18233
18311
18694
18756
18791
18803
18804
18819
18837
18840
18941
18942
18988
19101
19157
19210
19222
19269
19321
19370
19377
19393
19394
19407
19471
19516
19526
19538
19619
19666
19719
19808
19809
19838
19842
19848
19868
19872
19873
19920
19939
19972
19988
20010
20035
20149
20268
20360
20517
20529
20596
20622
20644
20699
20805
20876
20990
21128
21337
21354
21400
21427
21466
21546
21583
21659
21678
21758
21760
21886
22007
22014
22015
22065
22081
22116
22142
22207
22213
22276
22282
22299
22300
22318
22361
22372
22465
22476
22522
22551
22579
22581
22604
22661
22669
22701
22704
22712
22738
22815
22827
22834
22838
22850
22938
23008
23010
23017
23080
23081
23162
23175
23190
23222
23242
23261
23273
23281
23292
23305
23308
23320
23403
23438
23485
23486
23636
23652
23749
23783
23808
23825
23845
23893
23912
23922
23947
24213
24228
24250
24267
24350
24398
24438
24460
24469
24602
24647
24677
24793
24804
24820
24912
24967
25054
25079
25097
25115
25227
25425
25489
25496
25542
25555
25597
25795
25910
26006
26032
26126
26131
26166
26172
26179
26192
26227
26229
26268
26319
26387
26401
26445
26453
26480
26563
26584
26585
26624
26628
26663
26719
26901
26912
26958
27037
27040
27055
27057
27072
27092
27147
27192
27195
27239
27325
27363
27372
27424
27479
27517
27717
27728
27771
27797
27886
27930
27942
27974
28102
28119
28129
28290
28365
28430
28622
28641
28681
28721
28875
28935
28970
29143
29154
29191
29252
29253
29336
29540
29557
29600
29714
29754
29769
29809
29832
29861
29866
29886
29904
29907
29913
29991
30023
30024
30028
30081
30084
30131
30149
30174
30250
30303
30411
30456
30476
30501
30546
30697
30745
30792
30889
30990
31051
31102
31161
31164
31188
31212
31216
31335
31339
31368
31398
31494
31597
31601
31670
31681
31691
31716
31719
31742
31788
31801
31802
32027
32031
32096
32103
32108
32109
32115
32122
32276
32288
32380
32549
32632
32897
32957
32958
33001
33043
33066
33181
33268
33269
33312
33320
33526
33566
33684
33698
33748
33841
33847
33924
34027
34056
34112
34149
34251
34305
34464
34601
34745
35065
35214
35229
35256
35297
35329
35444
35502
35694
35733
35797
35931
36001
36045
36119
36133
36250
36440
36707
36739
36934
36935
37004
37012
37048
37073
37074
37078
37119
37184
37310
37346
37355
37359
37390
37405
37417
37480
37510
37562
37631
37686
37832
37891
37892
37925
37930
38002
38028
38053
38128
38135
38240
38355
38424
38443
38487
38515
38520
38522
38559
38640
38772
39542
39791
39806
39817
39853
39930
39985
40000
40153
40182
40262
40607
40697
40815
40847
40858
40869
40878
41074
41355
41411
41468
41483
41500
41508
41516
41532
41545
41568
41571
41646
41665
41677
41857
41860
41914
41916
41942
42157
42239
42319
42348
42856
43034
43036
43051
43115
43120
43143
43156
43208
43353
43379
43412
43420
43479
43487
43490
43519
43555
43623
43653
43664
43719
43753
43841
43869
43879
43930
43953
43959
43967
44032
44078
44180
44190
44248
44336
44402
44414
44428
44434
44471
44557
44638
44647
44858
44865
44888
44920
44946
44949
44962
45063
45071
45111
45175
45235
45367
45403
45416
45423
45426
45568
45572
45576
45822
45847
45864
45918
45923
45925
45927
45952
45974
46017
46070
46146
46185
46189
46243
46326
46453
46491
46496
46587
46607
46667
46741
46809
46844
46950
46957
46985
46999
47017
47023
47062
47208
47248
47331
47442
47457
47493
47511
47545
47555
47559
47584
47600
47613
47640
47659
47668
47695
47792
47890
47912
48102
48108
48203
48479
48522
48605
48661
48680
48687
48724
48751
48822
48829
48838
48930
48976
48989
49003
49028
49148
49156
49160
49171
49260
49347
49370
49413
49414
49472
49475
49542
49615
49775
49789
49803
49910
49954
50028
50173
50179
50194
50197
50270
50273
50316
50328
50425
50484
50529
50659
50693
50785
50991
51021
51034
51046
51065
51176
51228
51251
51261
51279
51479
51481
51484
51589
51606
51643
51672
51701
51742
51760
51793
51806
51825
51862
51920
51960
51977
52217
52235
52274
52331
52408
52448
52475
52493
52512
52655
52741
52776
52844
52866
52906
52964
53066
53124
53202
53255
53291
53388
53455
53482
53506
53625
53799
53871
53903
53935
53976
53979
54019
54027
54031
54052
54094
54150
54202
54213
54235
54237
54257
54275
54291
54310
54555
54647
54773
54823
54869
54875
55111
55166
55272
55382
55402
55414
55441
55483
55489
55533
55642
55697
55813
55914
55922
56064
56333
56381
56383
56407
56494
56504
56567
56598
56632
56814
56828
56919
57001
57077
57225
57244
57262
57310
57320
57385
57405
57419
57421
57455
57508
57538
57540
57715
57720
57794
57818
57849
57861
57965
58006
58052
58218
58262
58295
58385
58421
58473
58486
58525
58558
58637
58705
58857
58892
58980
59113
59257
59279
59315
59326
59357
59366
59408
59462
59484
59491
59588
59696
59709
59781
59873
59877
59897
59942
59988
60055
60142
60144
60149
60158
60179
60209
60217
60238
60245
60246
60248
60260
60333
60365
60368
60373
60440
60467
60516
60522
60609
60620
60640
60674
60715
60739
60771
60952
60960
61040
61118
61128
61143
61246
61471
61472
61495
61526
61532
61575
61576
61605
61667
61774
61873
61876
61944
61996
62007
62036
62075
62085
62169
62258
62284
62298
62361
62368
62391
62439
62511
62559
62605
62627
62691
62713
62715
62779
62846
62863
62964
63013
63033
63315
63389
63414
63485
63552
63568
63616
63645
63646
63713
63816
63900
64049
64065
64114
64181
64191
64242
64254
64273
64302
64326
64357
64383
64395
64431
64464
64531
64596
64660
64700
64964
65040
65042
65112
65172
65178
65265
65353
65439
65483
65521
65547
65579
65590
65594
65610
65635
65653
65674
65699
65704
65764
65768
65819
65826
65839
65864
65931
65965
65981
65990
66029
66039
66051
66195
66271
66287
66321
66340
66503
66635
67051
67130
67150
67153
67180
67282
67456
67485
67500
67582
67590
67600
67690
67764
67785
67952
67966
67984
67992
68063
68103
68191
68207
68213
68214
68282
68410
68420
68492
68553
68556
68567
68597
68676
68681
68690
68699
68714
68793
68804
68827
68843
68895
68923
69002
69009
69054
69184
69228
69235
69261
69364
69589
69670
69671
69710
69750
69812
69915
69936
70051
70169
70196
70262
70305
70336
70378
70412
70472
70497
70551
70571
70621
70630
70690
70705
70754
70895
70949
70997
71024
71260
71356
71401
71414
71491
71495
71504
71521
71573
71622
71625
71751
71755
71798
71810
71872
71875
71917
71967
72018
72047
72081
72106
72129
72180
72254
72277
72310
72363
72512
72582
72598
72686
72693
72695
72937
72993
73081
73112
73116
73478
73483
73626
73632
74048
74153
74166
74172
74234
74273
74321
74354
74390
74413
74431
74623
74641
74742
74925
74942
74998
75034
75045
75075
75105
75189
75228
75386
75393
75417
75498
75530
75543
75641
75643
75660
75666
75696
75705
75844
75983
75986
76083
76136
76185
76196
76222
76316
76318
76340
76345
76527
76595
76716
76769
76846
76881
76922
77028
77066
77143
77169
77277
77306
77395
77418
77539
77568
77644
77703
77706
77711
77739
77752
77762
77865
77884
77990
78040
78047
78048
78072
78095
78099
78107
78109
78120
78125
78129
78146
78153
78250
78264
78355
78408
78412
78417
78419
78425
78432
78507
78533
78545
78569
78579
78613
78674
78690
78746
78747
78789
78864
78877
78892
78971
79032
79079
79082
79161
79166
79242
79255
79293
79332
79360
79503
79515
79788
79790
79795
79801
79927
79961
79969
80077
80184
80207
80217
80357
80413
80497
80690
80949
80956
81117
81252
81416
81429
81693
81734
81739
81742
81875
81920
81933
81941
81949
82091
82108
82165
82195
82243
82303
82314
82341
82368
82533
82605
82627
82629
82756
82786
83020
83026
83028
83087
83314
83511
83512
83515
83588
83753
83822
83843
83844
83880
83890
83946
83964
84054
84071
84078
84079
84088
84132
84145
84164
84166
84168
84219
84255
84288
84299
84546
84562
84563
84631
84659
84774
84776
84788
84795
84801
84813
84814
84835
84836
84839
84852
84858
84868
84882
84895
84903
84918
84956
84969
84980
84982
84992
85009
85015
85024
85035
85037
85045
85060
85062
85068
85071
85081
85094
85135
85137
85148
85151
85156
85159
85162
85166
85207
85210
85217
85248
85329
85345
85363
85365
85431
85446
85452
85454
85456
85469
85478
85481
85492
85493
85503
85509
85512
85560
85574
85660
85675
85680
85689
85758
85760
85773
85819
85826
85836
85890
85891
85931
85938
85945
85946
85950
85955
85984
85997
86011
86023
86024
86032
86058
86062
86070
86101
86117
86119
86127
86131
86135
86174
86235
86318
86319
86368
86390
86438
86474
86476
86478
86494
86496
86511
86515
86529
86537
86548
86565
86567
86577
86579
86582
86585
86596
86598
86599
86602
86613
86632
86680
86691
86697
86700
86714
86718
86742
86743
86755
86768
86773
86830
86849
86861
86952
86954
86964
86977
86980
86982
87001
87003
87005
87022
87026
87042
87056
87068
87076
87092
87121
87131
87160
87180
87197
87200
87202
87214
87216
87222
87226
87228
87235
87238
87243
87249
87254
87257
87265
87266
87276
87280
87287
87293
87296
87297
87327
87329
87355
87360
87368
87371
87387
87397
87399
87409
87411
87412
87416
87453
87458
87485
87509
87513
87533
87549
87555
87637
87642
87657
87671
87689
87753
87757
87787
87791
87793
87802
87843
87916
87938
87980
87984
87997
88008
88020
88031
88056
88064
88074
88085
88087
88089
88120
88133
88139
88146
88148
88149
88167
88169
88190
88197
88253
88260
88264
88276
88278
88280
88282
88283
88296
88342
88360
88382
88391
88393
88395
88396
88398
88403
88417
88424
88430
88438
88445
88459
88477
88478
88482
88483
88486
88499
88501
88502
88517
88529
88538
88539
88548
88553
88567
88575
88584
88592
88599
88603
88613
88628
88638
88644
88656
88662
88663
88664
88675
88681
88691
88696
88710
88717
88728
88731
88745
88750
88752
88783
88805
88821
88823
88850
88857
88859
88950
88971
88973
88975
88976
88979
89057
89067
89069
89072
89083
89093
89095
89106
89109
89115
89118
89124
89145
89146
89157
89187
89199
89252
89255
89258
89264
89270
89272
89274
89289
89296
89298
89314
89319
89323
89398
89446
89470
89501
89588
89646
89651
89661
89671
89673
89680
89683
89689
89703
89706
89712
89715
89729
89738
89741
89742
89763
89766
89770
89771
89785
89787
89789
89790
89808
89812
89816
89817
89823
89828
89838
89840
89846
89849
89851
89853
89856
89875
89880
89884
89886
89892
89895
89897
89898
89907
89924
89934
89936
89939
89945
89988
90045
