920
11
100
122
274
324
327
340
428
449
722
786
822
849
895
973
976
994
1004
1036
1073
1109
1163
1425
1427
1522
1602
1603
1609
1628
1678
1691
1697
1716
1778
1786
1791
1810
1994
2003
2011
2023
2080
2155
2170
2177
2212
2230
2304
2349
2469
2561
2573
2607
2611
2614
2673
2783
2798
2800
2862
2900
2913
2927
2960
3197
3223
3278
3287
3405
3465
3537
3715
3731
3805
3839
4044
4127
4219
4306
4469
4625
4690
4774
5035
5138
5198
5426
5652
5736
5767
5811
5899
5933
5981
6004
6151
6194
6336
6362
6365
6383
6562
6563
6724
6727
6791
6815
6882
6954
6988
7008
7104
7149
7167
7176
7179
7256
7335
7380
7432
7475
7638
7673
7694
7851
7968
7975
7976
7988
8178
8208
8279
8324
8422
8456
8784
8846
8853
8917
8918
9046
9081
9117
9224
9333
9343
9370
9631
9637
9679
9716
9934
9983
10054
10062
10105
10113
10139
10178
10179
10204
10205
10211
10214
10325
10343
10346
10377
10391
10394
10463
10477
10482
10507
10522
10524
10531
10551
10577
10597
10605
10616
10621
10631
10636
10647
10656
10667
10677
10687
10710
10712
10734
10752
10777
10791
10803
10821
10834
10847
10859
10879
10915
10948
10999
11039
11076
11325
11338
11444
11471
11497
11672
11712
11730
11890
11911
11928
11939
11953
12008
12011
12012
12018
12028
12039
12066
12155
12273
12354
12415
12457
12460
12605
12618
12826
12834
12880
12913
12942
12953
12956
12976
13007
13008
13031
13063
13099
13126
13192
13196
13244
13365
13440
13445
13453
13535
13616
13627
13634
13723
13858
13944
13967
13986
13989
13999
14020
14043
14156
14238
14256
14258
14339
14502
14616
14666
14717
14719
14904
14942
15016
15097
15128
15136
15149
15151
15232
15261
15316
15343
15350
15393
15412
15469
15673
15694
15736
15781
15809
15827
15834
15856
15883
15886
15895
15923
15952
16056
16086
16107
16217
16318
16409
16449
16502
16524
16741
16746
16916
17042
17055
17081
17112
17173
17191
17251
17314
17332
17393
17399
17410
17424
17471
17497
17543
17649
17832
18079
18092
18103
18105
18107
18413
18420
18426
18427
18572
18574
18668
18769
18775
18946
19114
19314
19353
19454
19475
19586
19659
19690
19710
19712
19725
19752
19783
19804
19810
19845
19857
19866
19871
19895
20041
20083
20106
20134
20160
20222
20224
20231
20258
20305
20404
20446
20493
20529
20544
20550
20554
20571
20579
20605
20620
20647
20656
20697
20767
20823
20840
20891
20912
20914
20980
21068
21127
21245
21266
21306
21324
21399
21523
21726
21727
21797
21888
22064
22184
22256
22329
22335
22437
22501
22657
22705
22750
22832
22837
22900
22916
22955
22957
23080
23102
23146
23154
23166
23187
23280
23294
23306
23348
23419
23476
23484
23541
23660
23690
23781
23884
24003
24066
24146
24150
24197
24207
24214
24229
24231
24235
24245
24247
24263
24275
24287
24318
24330
24338
24360
24361
24367
24370
24376
24401
24405
24408
24418
24436
24440
24444
24527
24620
24721
24753
25026
25028
25072
25079
25118
25210
25236
25270
25292
25317
25334
25411
25707
25715
25737
25759
25762
25906
25961
25970
25993
25999
26090
26162
26196
26294
26311
26396
26468
26523
26548
26643
26671
26679
26708
26718
26736
26754
26783
26785
26807
26924
27072
27112
27131
27178
27224
27316
27584
27643
27721
27749
27770
27858
28006
28020
28265
28302
28385
28506
28521
28710
28788
28812
28833
28837
28876
28952
29075
29188
29215
29294
29378
29470
29508
29524
29527
29691
29747
29779
29790
29840
29843
30087
30096
30099
30118
30154
30178
30192
30221
30232
30369
30387
30407
30445
30516
30540
30560
30757
30866
30992
31005
31082
31118
31178
31182
31298
31536
31558
31570
31655
31656
31725
31731
31753
31768
31886
31908
31954
31985
32087
32142
32144
32177
32217
32220
32249
32319
32328
32349
32350
32459
32479
32517
32627
32659
32804
32837
32868
32889
32957
32971
33004
33138
33287
33301
33343
33347
33367
33379
33406
33446
33557
33575
33578
33579
33583
33762
33834
33874
34009
34067
34172
34192
34198
34238
34347
34359
34362
34425
34545
34554
34728
34784
34789
34794
34860
34888
34943
34962
35153
35169
35182
35315
35365
35496
35628
35634
35689
35699
35739
35873
35888
36162
36243
36247
36254
36303
36337
36346
36376
36493
36540
36587
36659
36681
36770
36794
36848
36872
36900
36922
37122
37170
37189
37232
37234
37307
37319
37354
37358
37559
37638
37664
37734
37759
37980
38026
38054
38135
38138
38252
38255
38286
38378
38424
38570
38589
38766
38852
38936
39045
39095
39172
39189
39388
39558
39666
39691
39702
39753
39835
39841
40049
40078
40147
40422
40467
40536
40576
40707
40736
40772
41030
41054
41123
41136
41173
41182
41194
41209
41432
41465
41472
41575
41587
41590
41602
41608
41635
41637
41655
41680
41683
41688
41697
41761
41773
41831
41870
41878
41973
41977
42050
42052
42081
42105
42108
42234
42257
42285
42301
42346
42357
42461
42565
42617
42984
43270
43290
43341
43344
43546
43650
43762
43804
43806
43810
43885
43893
43972
44175
44177
44259
44261
44269
44330
44348
44361
44365
44428
44435
44461
44467
44475
44505
44531
44608
44619
44652
44828
45001
45037
45179
45189
45300
45345
45378
45413
45416
45449
45458
45461
45496
45499
45573
45610
45636
45716
45768
45810
45843
45961
45964
45965
45988
46088
46240
46275
46368
46478
46658
46721
46776
46811
46818
46880
46882
46902
47016
47028
47240
47301
47464
47509
47632
47711
47748
47806
47812
47876
47926
47938
47973
48018
48021
48027
48031
48032
48071
48076
48137
48143
48186
48210
48248
48260
48283
48331
48373
48410
48433
48462
48478
48502
48625
48642
48679
48712
48723
48757
48760
48787
48887
48904
48977
49024
49037
49112
49117
49127
49198
49240
49241
49246
