601
0
17
97
101
104
105
203
212
213
227
337
338
362
495
546
581
767
774
833
927
1030
1183
1373
1374
1444
1613
1670
1710
1735
1810
1818
1869
1921
1941
2016
2078
2082
2192
2280
2284
2397
2411
2435
2476
2526
2528
2530
2584
2673
2685
2689
2847
2913
2955
3145
3266
3296
3340
3350
3355
3413
3478
3489
3609
3766
3819
3853
3862
3904
3911
3953
3970
4028
4038
4039
4249
4291
4378
4454
4484
4535
4544
4548
4549
4639
4729
4747
4762
4783
4793
4815
4818
4835
4891
4902
4910
5069
5106
5180
5220
5272
5282
5303
5312
5355
5392
5403
5461
5530
5598
5648
5670
5692
5694
5723
5848
5851
5920
6090
6132
6137
6216
6238
6242
6285
6296
6349
6380
6393
6557
6662
6689
6735
6809
6851
6877
6960
6962
7062
7069
7070
7080
7084
7162
7167
7287
7329
7379
7460
7468
7492
7593
7598
7720
7725
7901
7926
7984
8005
8069
8145
8146
8232
8269
8291
8300
8349
8357
8383
8474
8490
8571
8587
8635
8684
8787
8848
8985
8991
9010
9024
9039
9064
9079
9080
9093
9099
9124
9163
9184
9406
9411
9413
9446
9491
9697
9772
9792
9862
9967
9987
10086
10365
10541
10638
10643
10904
11008
11051
11129
11143
11173
11188
11333
11337
11448
11462
11474
11511
11543
11612
11625
11655
11801
11839
11981
12132
12142
12314
12402
12407
12411
12506
12537
12716
12738
12842
12880
12906
12916
13007
13096
13197
13198
13249
13313
13410
13542
13543
13584
13859
13908
13977
13987
13997
14253
14260
14293
14371
14402
14421
14532
14704
14751
14987
15244
15283
15466
15514
15527
15538
15551
15574
15615
15638
15720
15727
15831
15837
15961
16286
16300
16326
16424
16449
16470
16592
16623
16650
16712
16769
16798
16863
16890
17025
17107
17112
17151
17410
17431
17602
17673
17718
17824
17826
17827
17895
17916
17920
17951
17987
18106
18126
18228
18253
18311
18318
18513
18533
18558
18706
18744
18757
18803
18859
18870
18996
19088
19253
19377
19414
19447
19448
19675
19797
19840
19846
19849
19921
19999
20108
20191
20210
20289
20307
20388
20418
20439
20555
20602
20628
20638
20671
20735
20737
20739
20781
20856
20939
20985
21061
21068
21133
21162
21171
21304
21528
21628
21667
21704
21821
21888
21999
22126
22162
22304
22313
22332
22358
22402
22457
22511
22556
22587
22657
22684
22703
22705
22711
22968
23004
23020
23032
23054
23060
23092
23100
23120
23145
23185
23267
23280
23317
23415
23438
23455
23461
23641
23669
23792
23847
23853
23903
23904
23914
23929
23931
23933
23942
23958
23968
23995
24002
24004
24023
24062
24072
24077
24153
24156
24187
24304
24387
24462
24516
24546
24563
24575
24679
24714
24735
24749
24845
24856
24940
24975
25041
25063
25131
25149
25162
25207
25246
25497
25552
25586
25641
25726
25938
26039
26083
26140
26222
26322
26383
26398
26452
26481
26762
26816
26823
26941
27045
27108
27167
27178
27197
27215
27217
27240
27277
27315
27323
27772
27776
27778
27807
27939
27953
28025
28084
28144
28148
28182
28204
28214
28220
28310
28508
28703
28743
28837
28916
29107
29121
29152
29247
29311
29342
29407
29430
29468
29476
29513
29545
29629
29640
29653
29660
29696
29697
29761
29765
29767
29768
29808
29860
29912
29962
30017
30076
30098
30198
30200
30224
30321
30479
30642
30645
30805
30841
30876
30894
30939
30980
31055
31090
31155
31331
31346
31352
31485
31494
31566
31661
31682
31741
31745
31794
31796
31798
31805
31824
31830
31835
31839
31861
31875
31878
31894
31900
31906
31909
31915
31919
31929
31931
31944
31956
31989
31998
32001
32014
32056
32236
32249
32284
32302
32307
32374
32403
32418
32439
32443
32461
32493
32653
32657
32659
32661
32663
