1099
16
55
87
115
151
229
253
254
256
310
324
352
370
386
449
454
472
728
744
755
794
827
841
855
859
882
928
953
983
1006
1018
1026
1033
1043
1072
1138
1300
1335
1338
1353
1397
1404
1406
1434
1436
1438
1458
1463
1480
1481
1482
1512
1517
1552
1685
1857
1911
1981
1987
2022
2064
2076
2095
2129
2169
2315
2320
2425
2438
2446
2561
2587
2604
2611
2661
2667
2713
2720
2755
2779
2785
2789
2925
2927
2957
2966
3006
3080
3082
3083
3090
3099
3100
3117
3131
3139
3198
3225
3229
3314
3320
3343
3370
3377
3424
3451
3568
3569
3611
3636
3656
3716
3757
3759
3828
3863
3911
3949
3983
3989
4012
4028
4056
4090
4098
4105
4167
4250
4274
4310
4346
4349
4363
4375
4407
4428
4446
4545
4564
4578
4588
4600
4618
4621
4640
4644
4761
4772
4793
4861
4906
4926
4934
4988
5005
5163
5182
5229
5258
5344
5505
5524
5603
5620
5726
5737
5776
5851
5952
5995
6001
6085
6122
6124
6129
6161
6173
6203
6222
6243
6364
6378
6391
6409
6417
6436
6477
6593
6681
6688
6692
6711
6771
6790
6842
6895
6902
6918
6948
6953
6996
6997
7003
7008
7026
7038
7047
7097
7116
7160
7161
7176
7178
7188
7254
7291
7325
7376
7467
7532
7552
7630
7689
7716
7730
7773
7789
7848
7870
7873
7877
7951
7964
7968
8000
8015
8016
8021
8035
8049
8091
8106
8116
8146
8178
8187
8193
8314
8324
8331
8350
8365
8378
8447
8471
8500
8522
8592
8593
8619
8637
8648
8651
8657
8742
8766
8768
8848
8849
8862
8867
8872
8892
8901
8903
8957
8962
8996
9021
9027
9029
9037
9117
9120
9131
9207
9273
9294
9295
9367
9371
9404
9466
9501
9563
9573
9575
9591
9592
9595
9641
9646
9712
9715
9718
9771
9926
9930
9934
9938
9944
9953
9977
10027
10057
10065
10078
10105
10113
10130
10195
10197
10211
10263
10274
10285
10296
10332
10402
10426
10447
10460
10490
10591
10596
10602
10643
10652
10654
10688
10701
10715
10746
10773
10848
11104
11154
11215
11231
11250
11302
11326
11353
11473
11540
11588
11620
11641
11716
11742
11752
11795
11797
11802
11874
11920
11961
12055
12154
12201
12237
12244
12300
12315
12324
12361
12421
12451
12464
12485
12520
12568
12586
12709
12712
12793
12811
12874
12900
12941
12948
12979
12981
13032
13064
13165
13263
13299
13392
13445
13486
13488
13544
13598
13612
13618
13663
13712
13715
13724
13797
13799
13836
13848
13859
13955
13959
13987
13990
14059
14109
14130
14159
14235
14380
14391
14397
14407
14446
14538
14717
14723
14735
14778
14798
14849
14851
14932
14959
15000
15014
15017
15023
15034
15040
15057
15063
15072
15117
15165
15260
15263
15303
15375
15411
15413
15462
15469
15532
15538
15630
15639
15645
15720
15882
15921
15970
16074
16133
16145
16163
16267
16488
16506
16542
16563
16565
16585
16591
16632
16668
16763
16803
16813
16869
16985
17003
17040
17113
17158
17177
17178
17239
17264
17292
17475
17485
17517
17533
17534
17547
17564
17596
17601
17639
17689
17748
17752
17756
17765
17782
17802
17810
17813
17823
17844
17865
17872
17918
18015
18042
18085
18176
18200
18202
18204
18207
18229
18252
18261
18267
18303
18304
18327
18374
18381
18399
18403
18430
18463
18492
18496
18535
18548
18596
18601
18658
18705
18707
18742
18778
18815
18816
18821
18845
18847
18848
18851
18864
18867
18869
18874
18876
18878
18882
18886
18939
19003
19049
19094
19260
19320
19340
19367
19414
19504
19512
19524
19534
19554
19566
19574
19625
19673
19699
19887
19892
19900
19933
19956
19993
20003
20048
20066
20089
20115
20139
20162
20188
20225
20234
20272
20278
20352
20404
20436
20527
20605
20628
20673
20677
20761
20793
20803
20840
20888
20922
20948
20951
20960
21022
21064
21114
21121
21189
21205
21209
21225
21247
21271
21302
21307
21322
21332
21344
21439
21442
21470
21512
21591
21624
21627
21781
21823
21879
21910
21927
21930
21939
21967
21973
21985
22119
22120
22136
22151
22187
22216
22271
22345
22411
22444
22479
22544
22599
22606
22681
22733
22750
22764
22808
22810
22850
22853
22854
22875
23048
23106
23154
23190
23217
23286
23324
23334
23351
23377
23393
23402
23443
23530
23568
23569
23583
23605
23615
23634
23710
23720
23743
23758
23818
23927
23945
23964
24068
24129
24173
24195
24208
24250
24310
24320
24348
24352
24358
24360
24364
24366
24367
24369
24421
24452
24453
24457
24491
24513
24521
24587
24619
24631
24648
24677
24690
24729
24730
24762
24795
24796
24935
24959
24969
24973
25064
25164
25295
25308
25310
25360
25381
25391
25401
25402
25412
25453
25460
25515
25562
25594
25605
25629
25647
25687
25694
25697
25722
25743
25854
25863
25875
25910
25921
25937
25941
25971
25992
26004
26020
26054
26134
26161
26203
26285
26326
26339
26369
26380
26391
26447
26513
26525
26532
26582
26583
26602
26608
26609
26643
26664
26666
26672
26695
26698
26713
26789
26840
26845
26859
26881
26900
26949
26951
26968
27027
27075
27110
27125
27140
27202
27214
27225
27242
27272
27282
27321
27336
27377
27403
27451
27475
27525
27607
27611
27614
27655
27681
27686
27695
27710
27734
27814
27865
27868
27893
27936
27996
28017
28036
28045
28084
28104
28155
28198
28233
28317
28421
28465
28539
28624
28717
28724
28730
28825
28841
28882
28915
28951
28966
28968
28988
28993
29031
29040
29053
29115
29120
29128
29137
29147
29171
29190
29206
29227
29278
29312
29321
29356
29394
29532
29543
29570
29572
29595
29624
29643
29677
29690
29705
29706
29723
29733
29764
29808
29815
29831
29885
30005
30006
30018
30022
30045
30119
30130
30134
30171
30208
30366
30379
30400
30408
30457
30596
30621
30759
30772
30802
30826
30884
30991
31042
31092
31146
31174
31182
31191
31211
31212
31220
31239
31248
31261
31287
31313
31314
31323
31326
31379
31417
31423
31434
31439
31441
31443
31446
31449
31451
31515
31521
31537
31559
31583
31612
31621
31651
31661
31701
31714
31730
31733
31746
31760
31767
31781
31783
31790
31825
31829
31846
31852
31854
31889
31896
31903
31904
31954
31964
31968
31981
31985
31988
31991
31996
32002
32089
32101
32114
32139
32143
32165
32167
32176
32195
32219
32223
32267
32293
32294
32307
32351
32371
32381
32390
32411
32419
32444
32449
32450
32453
32489
32493
32499
32561
32627
32640
32662
32767
32787
32793
32803
32867
32874
32877
32888
32895
32904
32913
32921
32930
32937
32942
32945
32957
32969
32970
32973
32981
32991
32994
33016
33019
33023
33026
33032
33033
33035
33036
33051
33056
33066
33087
33095
33107
33108
33119
33132
33204
33212
33266
33393
33407
33425
33427
33445
33450
33452
33489
33497
33543
33555
33587
33595
33598
33605
33606
33618
33640
33657
33670
33679
33683
33703
33705
33706
33714
33715
33719
33728
33738
33808
33847
