1195
126
158
286
293
383
435
455
540
608
649
673
768
864
1098
1295
1351
1408
1409
1487
1505
1521
1572
1590
1599
1619
1688
1690
1742
1760
1910
1945
2128
2194
2372
2417
2424
2495
2538
2598
2714
2734
2799
2811
2972
3086
3653
3698
3812
3826
3837
3856
3883
3892
3987
3993
4148
4326
4422
4462
4572
4660
4705
4864
4922
4926
4938
4983
5037
5040
5045
5095
5170
5246
5432
5456
5485
5487
5488
5515
5522
5578
5594
5620
5634
5650
5684
5755
5834
5966
5986
6003
6025
6049
6067
6117
6134
6197
6239
6267
6394
6396
6562
6599
6620
6628
6651
6652
6715
6720
6733
6861
6917
7135
7183
7211
7242
7247
7478
7551
7719
7738
7741
7981
8015
8177
8179
8191
8316
8326
8378
8423
8455
8493
8521
8570
8622
8654
8663
8724
8734
8823
8877
9063
9072
9075
9259
9319
9362
9504
9716
9839
9869
9932
10030
10181
10246
10316
10351
10395
10421
10518
10681
10885
11006
11071
11078
11487
11522
11776
11795
11836
11851
11880
11905
11946
11948
11993
12009
12019
12200
12204
12235
12277
12345
12369
12496
12647
12727
12816
12827
12855
12972
12983
13007
13020
13120
13128
13149
13152
13198
13323
13404
13406
13423
13450
13457
13475
13494
13547
13660
13735
13736
13775
13837
13903
13971
14012
14093
14221
14348
14454
14471
14484
14511
14538
14608
14780
14820
14922
15049
15075
15122
15227
15349
15376
15495
15496
15508
15558
15589
15668
15669
15691
15709
15711
15833
15995
16048
16190
16249
16274
16290
16325
16369
16379
16408
16480
16572
16576
16579
16595
16603
16664
16731
16784
16883
16913
16929
16930
17011
17012
17038
17074
17175
17217
17238
17254
17326
17359
17414
17447
17461
17499
17577
17669
17712
17766
17844
17861
18031
18057
18148
18182
18314
18386
18416
18451
18453
18461
18483
18508
18527
18642
18837
18967
18971
18972
19017
19036
19117
19150
19253
19257
19277
19291
19382
19399
19485
19488
19604
19613
19618
19624
19628
19633
19637
19683
19728
19817
19854
19867
19868
19882
19933
20156
20159
20230
20248
20326
20343
20388
20407
20483
20485
20548
20687
20911
20949
21016
21027
21071
21095
21158
21206
21305
21314
21363
21441
21586
21606
21620
21783
21981
21988
22231
22268
22271
22300
22329
22474
22483
22528
22549
22561
22771
22781
22816
22817
22875
22938
22990
23015
23026
23229
23240
23359
23421
23593
23615
23625
23672
23706
23733
23763
24079
24259
24331
24365
24374
24387
24421
24474
24492
24787
24825
24924
24950
25142
25187
25266
25373
25457
25524
25531
25538
25572
25672
25751
25753
25761
25796
25832
25914
25936
26158
26258
26277
26302
26438
26469
26495
26620
26745
26813
26821
26869
26888
26892
26917
26962
27120
27180
27283
27330
27419
27486
27566
27581
27612
27797
27878
27931
28029
28077
28094
28099
28101
28124
28146
28156
28163
28170
28218
28239
28243
28280
28287
28532
28535
28567
28606
28856
28924
29044
29076
29161
29225
29412
29454
29463
29524
29620
29699
29785
29832
30018
30184
30223
30310
30362
30394
30400
30553
30593
30601
30651
30675
30722
30732
30817
30822
30887
31058
31173
31373
31399
31439
31536
31625
31677
31705
31772
31858
31887
31897
31969
32012
32042
32187
32301
32337
32343
32365
32415
32430
32460
32471
32474
32477
32560
32612
32717
32729
32740
32830
32837
32893
32924
32933
32955
33018
33032
33062
33066
33086
33174
33286
33324
33426
33763
33820
33894
33908
33909
33913
33935
33948
33970
33983
34032
34076
34079
34128
34144
34224
34258
34270
34430
34486
34491
34576
34668
34794
34799
34810
34830
34838
34841
34854
34865
34867
34908
34910
34926
34933
34949
34951
34964
34971
34973
34977
34986
35084
35091
35388
35449
35462
35474
35505
35561
35581
35640
35689
35699
35753
35849
36155
36202
36384
36567
36629
36638
36666
36746
36752
36780
36787
36921
37006
37010
37018
37047
37089
37232
37234
37278
37295
37323
37340
37555
37617
37640
37687
37804
37843
37923
38237
38309
38347
38351
38354
38471
38533
38545
38561
38591
38610
38614
38633
38713
38743
38771
38791
38845
38857
38858
38894
38895
38922
39125
39279
39429
39450
39459
39584
39608
39619
39655
39803
39818
39875
39907
40156
40166
40188
40207
40295
40372
40424
40437
40521
40539
40708
40711
40728
40735
40868
40882
41022
41068
41106
41230
41263
41272
41491
41526
41560
41597
41622
41750
41775
41781
41803
41892
41896
42254
42567
42676
42775
42822
42860
42908
43003
43009
43131
43213
43223
43248
43342
43378
43379
43529
43543
43553
43592
43598
43627
43628
43675
43716
43815
43892
43950
43987
44101
44135
44141
44153
44178
44187
44240
44318
44442
44444
44446
44448
44461
44463
44466
44472
44610
44642
44676
44741
44749
44760
44829
44920
44958
45048
45062
45083
45105
45108
45232
45478
45511
45715
45792
45851
45886
46008
46044
46059
46212
46344
46360
46370
46378
46466
46572
46627
46660
46776
46814
46903
46959
46977
46999
47024
47142
47148
47177
47277
47301
47336
47386
47464
47469
47496
47575
47652
47671
47733
47776
47814
47911
47919
47975
48003
48053
48076
48083
48133
48191
48215
48323
48371
48384
48445
48453
48528
48533
48542
48555
48580
48613
48639
48694
48697
48699
48743
48844
48961
49016
49038
49087
49134
49199
49314
49379
49384
49453
49498
49528
49556
49565
49615
49727
49732
49823
49869
49982
49994
50054
50092
50103
50106
50170
50195
50233
50244
50263
50305
50361
50530
50534
50569
50570
50591
50630
50687
50696
50725
50765
50770
50780
50883
50895
51188
51374
51440
51517
51538
51585
51600
51643
51713
51797
51799
51829
51834
51869
51871
51909
51971
51989
51996
52052
52061
52070
52184
52203
52317
52320
52379
52401
52501
52527
52531
52588
52601
52609
52624
52636
52704
52722
52757
52779
52816
52834
52853
52875
52876
52885
52912
52985
53074
53124
53150
53172
53232
53243
53419
53501
53522
53532
53539
53586
53654
53715
53719
53721
53826
53839
53883
53904
53919
53942
54032
54073
54090
54109
54162
54217
54243
54253
54292
54294
54318
54325
54327
54337
54367
54394
54427
54494
54500
54557
54624
54693
54864
54936
55039
55077
55380
55461
55532
55544
55587
55592
55603
55634
55691
55693
55741
55760
55769
55777
55807
55869
55912
55915
55944
55971
56056
56074
56075
56087
56090
56092
56100
56112
56119
56121
56122
56126
56129
56139
56159
56165
56177
56232
56234
56242
56270
56307
56308
56338
56350
56354
56366
56376
56399
56407
56423
56468
56471
56488
56492
56515
56517
56521
56548
56579
56583
56589
56620
56641
56642
56645
56647
56723
56725
56731
56768
56781
56805
56817
56826
56831
56835
56848
56857
56862
56935
56943
56966
56973
56997
57007
57040
57047
57089
57093
57154
57176
57185
57186
57208
57219
57270
57276
57288
57290
57306
57327
57328
57330
57332
57333
57339
57350
57354
57369
57397
57416
57420
57444
57482
57499
57502
57515
57522
57534
57619
57654
57668
57673
57703
57712
57759
57840
57883
58021
58045
58062
58303
58344
58351
58354
58361
58380
58397
58400
58413
58431
58434
58444
58445
58457
58469
58470
58481
58485
58488
58496
58506
58510
58524
58532
58536
58541
58542
58548
58554
58562
58569
58571
58584
58586
58587
58589
58607
58626
58627
58632
58666
58685
58692
58706
58715
58728
58846
58847
59016
59093
59166
59194
59199
59203
59250
59257
59267
59271
59299
59305
59312
59321
59370
59408
59410
59419
59421
59431
59440
59444
59458
59466
59469
59472
59481
59497
59520
59523
59524
59538
59565
59571
59575
59591
59659
59751
59799
59826
