801
7
43
64
127
146
151
152
167
176
188
201
224
328
374
375
389
409
433
455
463
472
477
537
637
645
759
761
784
834
845
864
888
906
960
978
1012
1013
1047
1060
1072
1116
1175
1220
1222
1283
1303
1320
1362
1396
1402
1416
1422
1555
1617
1641
1671
1684
1757
1780
1787
1810
1887
1916
1979
1985
2065
2086
2150
2178
2230
2246
2273
2304
2310
2339
2454
2458
2664
2698
2723
2760
2785
2804
2875
2988
3073
3108
3150
3178
3212
3226
3233
3264
3365
3386
3508
3541
3581
3607
3658
3740
3775
3781
3810
3848
3862
3938
3957
3968
3975
3983
3995
4000
4002
4008
4081
4111
4116
4156
4251
4268
4286
4298
4351
4353
4447
4454
4455
4571
4642
4726
4743
4941
4984
5027
5056
5063
5083
5203
5243
5299
5304
5443
5456
5467
5490
5556
5565
5571
5576
5577
5604
5637
5654
5692
5733
5744
5751
5753
5763
5790
5800
5805
5821
5829
5841
5853
5861
5865
5870
5873
5892
5913
5924
5938
5940
5950
5962
5972
5978
5984
6025
6054
6092
6123
6167
6203
6235
6247
6426
6440
6455
6601
6623
6705
6713
6716
6743
6753
6765
6798
6950
6973
6998
7035
7138
7172
7275
7286
7343
7378
7390
7432
7474
7547
7596
7636
7644
7653
7699
7717
7739
7742
7804
7833
7871
7892
7936
7946
7979
8035
8101
8151
8163
8169
8212
8225
8241
8290
8316
8317
8336
8394
8406
8408
8454
8456
8483
8580
8592
8615
8619
8646
8665
8670
8677
8775
8825
8836
8857
8867
8882
8888
8910
8928
8972
9094
9113
9133
9136
9208
9242
9253
9292
9326
9423
9426
9470
9507
9546
9548
9565
9586
9618
9624
9648
9652
9689
9702
9714
9724
9784
9789
9819
9831
9915
9921
9949
9970
9982
9989
10069
10148
10292
10304
10375
10601
10623
10697
10735
10797
10799
10817
10832
10834
10841
10844
10856
10876
10901
10910
10926
10935
10978
10994
11052
11063
11072
11109
11136
11158
11204
11207
11286
11328
11354
11377
11378
11391
11442
11466
11467
11471
11475
11492
11529
11545
11557
11732
11744
11761
11874
11905
11923
11956
11968
11995
12038
12062
12082
12109
12121
12130
12137
12200
12221
12244
12258
12307
12380
12400
12405
12418
12466
12545
12549
12552
12571
12583
12586
12622
12660
12677
12684
12685
12690
12734
12745
12780
12884
13065
13116
13219
13261
13268
13291
13318
13332
13333
13334
13336
13341
13346
13353
13392
13401
13402
13404
13406
13411
13412
13424
13431
13437
13443
13446
13452
13455
13458
13467
13485
13500
13514
13516
13574
13636
13692
13702
13722
13763
13766
13769
13796
13847
13985
14002
14009
14037
14044
14146
14159
14163
14193
14231
14271
14272
14296
14301
14320
14383
14403
14415
14416
14417
14476
14481
14553
14570
14586
14637
14647
14673
14682
14684
14691
14695
14724
14766
14777
14787
14792
14852
14870
14958
15064
15090
15182
15199
15226
15314
15369
15378
15396
15433
15489
15491
15492
15676
15790
15795
15903
15978
15993
16070
16072
16141
16149
16164
16290
16291
16306
16334
16444
16525
16599
16609
16617
16624
16721
16769
16783
16821
16825
16866
16905
16909
16926
16928
17010
17018
17143
17150
17157
17223
17264
17317
17318
17332
17339
17346
17367
17371
17384
17511
17518
17527
17533
17566
17597
17600
17620
17693
17698
17745
17755
17805
17899
17914
17948
17954
17956
18019
18027
18031
18073
18197
18450
18465
18486
18521
18576
18580
18583
18590
18625
18638
18649
18683
18723
18792
18813
18825
18887
18889
18921
19001
19065
19070
19202
19205
19231
19331
19351
19356
19362
19376
19401
19448
19458
19568
19574
19600
19601
19649
19679
19724
19732
19791
19853
19867
19903
19984
19993
20002
20003
20039
20061
20095
20137
20207
20208
20241
20273
20279
20288
20314
20400
20424
20441
20533
20574
20747
20787
20823
20884
20885
20899
20940
21005
21030
21258
21324
21347
21352
21413
21423
21499
21552
21822
21863
21929
21946
22072
22126
22271
22292
22329
22382
22387
22418
22518
22546
22550
22620
22702
22710
22721
22728
22772
22801
22815
22851
22870
23061
23153
23180
23182
23190
23212
23217
23321
23327
23337
23338
23339
23369
23393
23411
23414
23425
23431
23434
23440
23449
23450
23460
23488
23496
23558
23593
23625
23682
23691
23741
23749
23753
23763
23895
23902
23938
24112
24201
24228
24355
24381
24457
24485
24552
24647
24653
24728
24770
24798
24871
24872
24913
24917
24985
24988
24991
24993
24999
25038
25055
25094
25105
25142
25144
25164
25213
25241
25318
25325
25350
25386
25387
25394
25409
25429
25451
25471
25480
25588
25631
25642
25667
25703
25712
25743
25764
25814
25827
25896
25906
25913
25930
26091
26166
26179
26211
26285
26345
26397
26466
26516
26581
26596
26619
26695
26750
26809
26840
26882
26889
26896
26911
26918
26926
26927
26936
26939
26944
26948
26982
27038
27086
27171
27234
27246
27265
27277
27321
27341
27347
27562
27622
27723
27741
27766
27818
27820
