815
30
90
116
154
215
266
271
278
335
341
434
645
674
679
686
732
824
859
924
946
947
969
971
995
997
1037
1045
1064
1077
1108
1110
1164
1265
1294
1399
1421
1514
1516
1518
1519
1620
1731
1845
1867
1902
1952
2081
2151
2153
2155
2157
2245
2299
2490
2492
2512
2602
2722
2782
2982
2985
3043
3054
3104
3183
3232
3250
3260
3269
3345
3460
3487
3501
3562
3566
3592
3611
3639
3644
3682
3685
3722
3767
3768
3869
3984
3995
4000
4019
4043
4083
4106
4188
4198
4223
4225
4403
4473
4539
4680
4825
4840
5005
5062
5167
5193
5247
5368
5449
5766
5783
5856
5911
5966
5986
6056
6066
6075
6166
6242
6265
6269
6275
6288
6319
6337
6339
6396
6496
6608
6612
6618
6633
6810
6851
6999
7044
7177
7208
7253
7308
7416
7438
7739
7781
7867
7914
8280
8518
8631
8784
8844
8890
8943
8954
9088
9147
9193
9217
9260
9277
9424
9461
9475
9584
9589
9664
9732
9757
9784
9960
9984
10081
10157
10166
10204
10388
10526
10539
10556
10584
10628
10686
10746
10753
10900
10912
10920
10995
11023
11031
11312
11321
11346
11409
11436
11492
11515
11608
11652
11663
11690
11697
11772
11897
11924
11953
11995
12073
12176
12210
12291
12312
12418
12454
12495
12568
12589
12658
12709
12721
12727
12755
12803
12926
12941
13005
13012
13013
13043
13067
13097
13106
13134
13135
13152
13162
13164
13294
13331
13346
13349
13354
13490
13515
13528
13617
13709
13736
13866
13913
14002
14088
14249
14302
14350
14381
14385
14420
14592
14608
14665
14745
14751
14853
14920
15069
15252
15253
15278
15361
15366
15382
15424
15462
15466
15541
15595
15662
15893
15966
15980
15983
16096
16145
16279
16439
16673
16800
16944
16951
16956
16967
16972
17003
17048
17118
17146
17168
17196
17216
17263
17296
17309
17383
17415
17494
17611
17703
17894
17947
17975
18028
18033
18080
18137
18182
18429
18436
18472
18498
18504
18617
18619
18648
18678
18684
18754
18772
18782
18798
18909
19074
19156
19202
19231
19239
19500
19616
19771
19877
19972
20029
20056
20059
20061
20067
20092
20114
20267
20313
20351
20373
20387
20399
20441
20748
20819
20960
21023
21106
21146
21186
21287
21323
21370
21554
21585
21650
21768
21805
21849
21969
21970
21973
22085
22338
22381
22400
22633
22651
22748
22801
22852
23014
23037
23056
23140
23161
23413
23446
23493
23742
23744
23774
23893
23984
24062
24098
24104
24133
24200
24244
24331
24410
24418
24610
24683
24771
24791
24936
24968
25033
25051
25158
25224
25331
25406
25656
25687
25902
25911
26049
26079
26122
26170
26188
26277
26363
26477
26479
26612
26642
26668
26746
26784
26860
26980
27034
27063
27158
27165
27228
27308
27528
27567
27580
27586
27588
27713
27789
27792
27831
27884
27942
27997
28431
28501
28535
28855
28898
28910
28943
28949
29070
29088
29095
29196
29218
29237
29248
29266
29423
29492
29502
29533
29567
29611
29710
29725
29733
29987
30010
30079
30109
30188
30203
30209
30244
30356
30379
30385
30438
30656
30835
30916
30974
31078
31095
31146
31347
31417
31500
31522
31817
31888
31919
31927
31943
31982
32162
32220
32265
32315
32328
32385
32446
32472
32507
32759
32874
32877
32900
33025
33138
33154
33163
33210
33277
33286
33361
33379
33501
33516
33581
33583
33734
33834
33869
33886
33922
33930
33937
33944
33948
33979
33992
34051
34118
34128
34228
34233
34331
34342
34365
34400
34431
34582
34815
34829
34843
34919
35174
35208
35290
35355
35580
35593
35669
35681
35685
35721
35743
35759
35764
35776
35810
35865
35879
35975
36003
36031
36067
36078
36116
36129
36253
36332
36521
36804
36839
37068
37100
37292
37295
37379
37395
37489
37570
37575
37696
37699
37841
37847
37886
37909
37942
38043
38123
38310
38464
38478
38502
38540
38545
38562
38630
38803
39036
39049
39051
39302
39358
39382
39454
39465
39484
39487
39512
39579
39654
39677
39749
39985
40046
40521
40597
40642
40688
40691
40757
40805
40813
40952
41064
41070
41079
41091
41105
41117
41208
41241
41423
41521
41621
41710
41772
41784
41967
41973
42008
42212
42325
42357
42417
42445
42536
42649
42734
42806
42832
42918
42943
42979
42987
42999
43018
43041
43076
43156
43171
43182
43191
43230
43284
43374
43389
43427
43438
43463
43475
43584
43633
43705
43801
43857
44196
44213
44240
44352
44514
44592
44723
44733
44752
44856
44881
44940
45101
45125
45225
45314
45327
45427
45444
45448
45518
45528
45690
45707
45853
45967
46002
46020
46094
46214
46340
46346
46353
46660
46739
46757
46774
46791
46817
46892
47046
47061
47099
47158
47165
47187
47309
47378
47388
47443
47444
47458
47506
47573
47576
47640
47769
47828
47891
47925
48000
48111
48300
48342
48394
48398
48419
48482
48652
48667
48799
48847
48881
48882
48888
49084
49103
49315
49335
49341
49366
49382
49480
49490
49513
49534
49583
49592
49694
49714
49846
49848
49849
49863
49864
49873
49930
49982
50004
50007
50023
50083
50098
50150
50232
50246
50261
50302
50385
50451
50452
50477
50494
50500
50522
50543
50612
50648
50664
