914
25
84
87
112
182
551
556
615
698
707
809
980
1029
1107
1174
1307
1364
1377
1416
1486
1495
1632
1669
1742
1842
2055
2216
2219
2220
2302
2357
2403
2452
2556
2564
2592
2702
2823
2830
2844
2921
3091
3097
3209
3227
3267
3309
3359
3561
3575
3653
3781
3794
3898
3928
4009
4012
4099
4264
4285
4344
4417
4435
4485
4551
4701
4808
4864
4866
4915
4944
4992
5029
5107
5123
5150
5163
5221
5337
5387
5419
5433
5463
5487
5519
5521
5554
5561
5570
5623
5644
5684
5821
5948
5977
6034
6061
6093
6099
6155
6168
6171
6224
6253
6497
6561
6624
6678
6703
6705
6724
6822
6829
6919
7018
7033
7102
7235
7267
7401
7582
7596
7688
7754
7830
7835
7958
8018
8039
8044
8093
8244
8354
8695
8727
8873
8941
9074
9167
9268
9403
9544
9647
9663
9728
9920
9996
10009
10059
10108
10169
10249
10343
10411
10472
10592
10611
10617
10666
10714
10718
10832
10866
10934
11147
11167
11192
11243
11257
11294
11361
11381
11430
11543
11597
11660
11740
11893
11900
11906
11972
12016
12071
12141
12308
12355
12359
12360
12363
12398
12401
12416
12430
12463
12484
12489
12510
12592
12600
12648
12700
12710
12783
12834
12859
12884
12966
13033
13081
13090
13206
13264
13283
13406
13411
13443
13550
13566
13591
13645
13648
13670
13697
13707
13719
13724
13753
13754
13770
13828
13870
13893
13905
13917
13937
13967
13975
13979
14021
14046
14060
14102
14137
14214
14228
14234
14236
14266
14277
14330
14339
14343
14360
14367
14373
14410
14422
14423
14445
14478
14496
14499
14514
14517
14528
14543
14548
14575
14602
14705
14707
14753
14782
14972
15030
15152
15408
15454
15513
15543
15590
15710
15720
15723
15753
15771
15824
15915
15954
15956
16041
16042
16044
16080
16086
16099
16114
16160
16231
16238
16306
16316
16328
16333
16368
16375
16426
16464
16480
16524
16530
16556
16649
16725
16727
16784
16799
16839
16840
16859
16879
16896
16976
16991
16999
17068
17304
17351
17424
17551
17628
17650
17668
17680
17685
17711
17713
17726
17729
17758
17766
17796
17916
17982
18000
18073
18080
18305
18390
18410
18466
18751
18753
18822
18885
18909
18938
18973
18993
19076
19297
19348
19395
19740
19752
19951
19962
19966
20121
20122
20129
20340
20342
20353
20360
20378
20477
20479
20487
20497
20536
20596
20645
20652
20788
20797
21122
21349
21412
21491
21517
21619
21758
21810
21837
21961
21970
21973
22148
22239
22306
22349
22459
22480
22481
22721
22729
22748
22996
23158
23678
23688
23801
24261
24300
24352
24387
24717
24886
24959
24993
25059
25240
25258
25783
25787
25792
25813
25856
26027
26110
26130
26216
26224
26241
26246
26270
26292
26325
26371
26388
26563
26587
26589
26604
26613
26641
26653
26654
26686
26759
26857
27082
27096
27218
27220
27246
27256
27486
27615
27760
27901
28006
28151
28288
28311
28372
28524
28681
29012
29017
29066
29320
29410
29541
29733
29861
29973
30088
30154
30225
30361
30516
30521
30804
30839
31025
31225
31226
31448
31566
31668
31693
31756
31898
31942
31948
31992
32044
32098
32104
32138
32148
32151
32190
32193
32278
32289
32359
32362
32390
32397
32402
32483
32494
32506
32520
32534
32616
32627
32709
32710
32781
32790
32806
32814
32835
32855
32863
32864
32865
32875
32898
32981
32984
32989
32999
33024
33066
33100
33125
33161
33170
33174
33270
33287
33320
33355
33384
33392
33407
33496
33514
33609
33620
33793
33846
33853
33884
34013
34071
34159
34160
34240
34272
34553
34590
34764
34816
34832
34870
35026
35167
35232
35305
35442
35479
35482
35484
35544
35661
35676
35750
35775
35835
35854
35874
36023
36368
36521
36647
36889
36966
36992
37071
37162
37186
37222
37248
37285
37320
37356
37377
37389
37400
37403
37413
37451
37495
37594
37602
37676
37705
37716
37774
37820
37867
37901
38037
38083
38248
38287
38305
38340
38345
38378
38755
38800
38942
39079
39095
39122
39132
39313
39796
40207
40264
40302
40468
40479
40489
40493
40922
40974
41078
41191
41317
41364
41365
41480
41657
41686
41847
41858
41860
41925
42031
42068
42193
42638
42696
42750
42934
42954
43068
43113
43117
43163
43167
43194
43230
43266
43316
43321
43344
43353
43367
43562
43566
43832
43840
43874
43964
43989
44082
44106
44141
44251
44439
44498
44502
44540
44611
44751
44808
44817
44998
45136
45183
45198
45231
45233
45359
45378
45455
45538
45603
45617
45829
45850
45956
46053
46116
46119
46224
46302
46377
46378
46410
46423
46508
46512
46528
46608
46715
46731
46756
46761
46770
46813
46941
46974
47046
47074
47101
47119
47251
47294
47345
47357
47406
47472
47493
47591
47631
47636
47645
47665
47673
47717
47731
47749
47804
47847
47931
47974
48064
48085
48095
48108
48121
48150
48290
48297
48338
48343
48381
48397
48407
48493
48528
48552
48642
48667
48712
48738
48763
48788
48910
48932
49037
49113
49139
49155
49221
49223
49270
49311
49364
49542
49610
49633
49782
49903
49931
49965
50185
50282
50300
50322
50382
50394
50583
50591
50844
50974
51060
51133
51135
51198
51398
51405
51443
51487
51508
51511
51590
51596
51646
51849
51857
51872
51954
51969
51982
52052
52070
52075
52082
52089
52114
52208
52211
52229
52390
52393
52422
52431
52442
52488
52496
52644
52727
52789
52848
52860
52872
52900
52921
52946
52953
52980
53017
53057
53072
53200
53209
53253
53263
53314
53341
53344
53385
53413
53477
53480
53487
53515
53550
53555
53562
53580
53631
53712
53715
53849
53850
53927
54077
54149
54173
54229
54234
54294
54318
54428
54567
54633
54658
54660
54663
54714
54723
54728
54746
54758
54772
54820
54825
54868
54915
54916
54927
54931
54958
54960
54967
54975
54980
54981
54983
54989
54997
54999
