838
0
8
93
160
201
228
291
363
384
517
638
667
692
732
777
784
803
810
820
823
841
997
1006
1011
1037
1048
1054
1060
1165
1175
1203
1248
1273
1313
1317
1382
1416
1481
1526
1537
1569
1578
1581
1596
1598
1751
1842
1865
2034
2159
2180
2250
2365
2448
2596
2601
2625
2650
2718
2785
2810
2919
3058
3191
3217
3537
3589
3641
3648
3661
3697
4125
4230
4266
4365
4384
4423
4438
4492
4582
4625
4801
4809
4815
4834
4866
4950
5005
5060
5134
5144
5200
5240
5242
5268
5297
5383
5415
5430
5459
5475
5476
5591
5660
5728
5799
5892
5972
6027
6049
6147
6149
6291
6332
6374
6404
6413
6489
6565
6788
6789
6803
6908
7109
7132
7146
7239
7254
7266
7272
7337
7415
7456
7539
7564
7647
7659
7666
7677
7783
7808
7810
7837
7838
7841
7887
7907
7909
7914
7944
7972
7982
7998
8031
8060
8082
8111
8173
8226
8227
8292
8302
8419
8436
8508
8563
8642
8657
8681
8682
8725
8744
8877
8926
8939
9438
9441
9644
9673
9739
9768
9779
9913
9983
9989
9995
10178
10206
10312
10376
10419
10485
10490
10594
10641
10691
10768
10776
10837
11074
11152
11154
11197
11265
11319
11322
11329
11380
11386
11478
11557
11578
11689
11695
11704
11761
11782
11844
11887
11923
11946
12113
12222
12237
12249
12357
12365
12618
12636
12637
12826
12937
12942
12982
12995
13068
13083
13097
13111
13220
13247
13302
13373
13408
13477
13619
13643
13746
13753
13839
13878
13941
13959
13988
14074
14076
14166
14213
14313
14404
14554
14625
14710
14815
14821
15078
15090
15102
15107
15126
15292
15324
15349
15440
15463
15471
15474
15476
15587
15591
15608
15662
15691
15911
15928
15948
15978
16032
16217
16639
16685
16711
16839
17016
17081
17141
17182
17185
17194
17266
17307
17316
17433
17468
17535
17753
17776
17809
17883
17897
17928
18054
18163
18230
18248
18275
18297
18322
18343
18765
18800
18822
18839
18921
19002
19009
19039
19265
19484
19490
19505
19511
19593
19623
19686
19700
19795
19804
19806
19825
19880
19889
19905
19912
20046
20093
20168
20170
20253
20343
20351
20387
20499
20506
20523
20546
20688
20695
20874
20905
20948
20955
20993
21043
21128
21152
21162
21248
21365
21457
21523
21650
21750
21930
21938
22115
22184
22192
22224
22308
22334
22358
22452
22493
22529
22536
22580
22686
22742
22767
22979
23092
23208
23211
23282
23323
23359
23366
23407
23467
23582
23617
23629
23661
23685
23828
24070
24169
24406
24482
24504
24693
24743
24795
24823
24879
24895
24958
24969
24977
25067
25213
25239
25262
25278
25297
25351
25376
25383
25403
25448
25462
25571
25581
25592
25601
25690
25700
25803
25827
25834
25866
25903
25946
25956
26043
26060
26088
26267
26419
26448
26460
26521
26650
26667
26843
26849
26889
26890
26928
26930
27069
27133
27149
27284
27324
27355
27410
27476
27481
27531
27546
27571
27589
27767
27802
27849
27861
27913
28014
28093
28276
28309
28338
28483
28555
28557
28647
28765
28781
28798
28805
28919
28957
29038
29105
29198
29245
29354
29441
29448
29483
29505
29563
29656
29896
29940
29961
30016
30108
30111
30135
30164
30172
30180
30420
30707
30736
30760
30858
30885
31061
31159
31167
31175
31182
31184
31241
31452
31458
31482
31487
31501
31537
31550
31562
31580
31614
31644
31737
31742
31768
32007
32142
32155
32177
32190
32366
32537
32569
32579
32591
32661
32668
32672
32685
32781
32875
32878
32881
32902
32984
32991
33015
33179
33366
33477
33537
33618
33630
33634
33660
33666
33674
33744
33807
33846
33902
33927
33936
34065
34067
34117
34153
34164
34190
34194
34203
34370
34419
34432
34512
34622
34799
34824
34849
34876
34878
34900
34936
35003
35059
35065
35067
35097
35139
35200
35222
35258
35317
35451
35457
35514
35533
35589
35616
35750
35936
36062
36117
36290
36479
36703
36755
36823
36871
37110
37246
37259
37322
37415
37432
37439
37626
37643
37715
37761
37952
37953
37957
38002
38015
38030
38058
38096
38104
38361
38371
38516
38596
38662
38683
38833
38838
38889
39058
39124
39162
39409
39445
39462
39487
39562
39640
39732
39745
39821
39972
40025
40098
40108
40354
40421
40480
40489
40680
40714
40865
40945
41170
41241
41301
41305
41358
41481
41580
41665
41684
41744
41884
41990
42008
42031
42227
42300
42321
42372
42537
42697
42753
42820
42854
42903
42919
43059
43096
43131
43198
43257
43285
43322
43359
43387
43434
43448
43549
43558
43613
43690
43710
43736
43810
43865
43942
43948
43954
43986
43993
43995
44005
44022
44023
44029
44072
44124
44144
44145
44147
44168
44250
44255
44263
44274
44275
44301
44303
44311
44320
44324
44331
44335
44338
44345
44392
44429
44487
44488
44531
44539
44550
44587
44786
44874
44911
45007
45071
45178
45223
45225
45226
45244
45247
45301
45356
45435
45506
45731
45784
45794
45801
45832
45944
45974
45982
46055
46093
46221
46295
46305
46311
46376
46388
46439
46449
46462
46522
46544
46563
46589
46602
46628
46678
46683
46734
46738
46745
46768
46771
46779
46806
46865
46871
46886
46889
46899
46958
47016
47100
47108
47114
47163
47219
47261
47319
47325
47339
47361
47362
47391
47394
47400
47444
47449
47477
47519
47535
47537
47562
