795
14
88
158
166
231
236
294
295
299
302
311
330
340
369
426
438
473
531
588
593
692
716
799
800
825
870
873
875
974
996
1030
1078
1117
1129
1188
1193
1196
1218
1248
1318
1326
1330
1366
1384
1448
1453
1479
1502
1538
1546
1620
1746
1755
1780
1781
1803
1919
1994
2099
2156
2159
2202
2205
2240
2248
2360
2396
2401
2445
2455
2493
2515
2553
2559
2588
2612
2613
2648
2734
2750
2831
2846
2879
2889
2962
3069
3110
3124
3135
3159
3202
3226
3390
3442
3467
3468
3504
3505
3567
3590
3595
3631
3639
3703
3750
3769
3836
3989
4063
4114
4122
4129
4179
4187
4205
4210
4249
4273
4275
4303
4325
4327
4385
4463
4493
4535
4739
4831
4863
4877
4892
4953
5027
5037
5042
5094
5166
5215
5238
5271
5298
5343
5482
5528
5536
5539
5548
5561
5569
5612
5623
5636
5682
5701
5763
5780
5817
5823
5839
5878
5905
5936
5951
5982
6004
6030
6061
6064
6112
6159
6194
6215
6224
6276
6320
6322
6366
6466
6539
6667
6688
6717
6755
6887
6892
6930
6936
6939
6941
6954
6972
6984
6986
6990
6997
7002
7045
7055
7105
7164
7177
7179
7199
7275
7284
7285
7295
7315
7349
7380
7410
7446
7463
7498
7509
7557
7589
7634
7637
7645
7647
7677
7771
7808
7809
7843
7864
7913
7934
7949
7952
7972
7977
8003
8004
8007
8021
8033
8044
8046
8048
8101
8126
8133
8147
8148
8171
8181
8212
8448
8482
8516
8540
8592
8633
8704
8713
8715
8738
8744
8769
8783
8806
8810
8903
8931
8934
8972
8982
8989
8991
8998
9014
9053
9191
9212
9215
9226
9255
9270
9274
9288
9303
9307
9350
9368
9501
9504
9511
9604
9605
9690
9699
9704
9715
9729
9730
9770
9786
9835
9876
9940
9957
10018
10080
10098
10118
10169
10182
10192
10197
10203
10267
10281
10318
10355
10364
10366
10394
10536
10636
10681
10763
10959
11002
11028
11041
11050
11074
11165
11181
11212
11232
11237
11272
11303
11306
11330
11410
11515
11596
11672
11722
11769
11797
11812
11858
11873
11897
11922
11933
11990
12020
12038
12111
12139
12141
12276
12291
12417
12458
12495
12698
12724
12787
13001
13008
13070
13246
13293
13340
13475
13482
13594
13669
13714
13798
13945
14098
14129
14138
14153
14210
14285
14318
14353
14377
14401
14433
14481
14500
14534
14535
14549
14551
14567
14578
14610
14619
14620
14857
14874
14875
14963
15035
15100
15101
15239
15394
15411
15437
15605
15739
15746
15748
15851
15929
15932
16056
16084
16101
16182
16190
16222
16239
16285
16376
16414
16473
16589
16809
16836
16840
16951
17023
17076
17125
17137
17186
17187
17211
17214
17231
17234
17239
17277
17292
17323
17357
17359
17367
17391
17393
17398
17402
17408
17418
17467
17480
17525
17530
17533
17544
17559
17596
17597
17613
17617
17667
17670
17672
17679
17680
17682
17686
17689
17709
17718
17738
17782
17785
17787
17816
17820
17849
17861
17879
17907
17968
18023
18030
18043
18078
18208
18222
18243
18254
18271
18333
18337
18384
18386
18399
18447
18504
18531
18537
18613
18625
18630
18644
18760
18843
18882
18956
19069
19076
19077
19096
19105
19136
19150
19155
19161
19225
19260
19267
19325
19348
19423
19531
19565
19578
19586
19639
19668
19677
19681
19739
19848
20026
20027
20051
20077
20120
20170
20181
20193
20216
20311
20438
20468
20483
20522
20558
20575
20615
20619
20654
20658
20676
20797
20823
20825
20870
21053
21112
21160
21332
21334
21417
21470
21582
21601
21747
21845
21916
22065
22068
22224
22395
22407
22467
22627
22633
22782
22799
22895
22972
23138
23264
23343
23412
23474
23486
23517
23530
23551
23552
23553
23573
23581
23585
23587
23611
23628
23673
23687
23702
23776
23782
23802
23826
23850
23888
23904
23930
23985
23986
24015
24068
24117
24175
24284
24287
24395
24402
24439
24440
24456
24463
24603
24619
24678
24733
24752
24851
24919
24934
25001
25004
25042
25052
25100
25120
25133
25138
25182
25253
25285
25287
25350
25358
25359
25380
25474
25479
25493
25522
25527
25537
25549
25582
25602
25620
25689
25842
25859
25862
25882
25884
25887
25941
25977
25991
26021
26048
26078
26103
26125
26137
26170
26195
26244
26253
26280
26296
26339
26340
26350
26377
26384
26416
26424
26473
26491
26498
26513
26517
26586
26604
26608
26701
26741
26748
26815
26869
26916
26954
26987
27076
27124
27133
27271
27342
27528
27562
27584
27613
27657
27748
27786
27871
27993
28007
28051
28322
28328
28340
28370
28390
28406
28494
28507
28539
28567
28584
28601
28607
28610
28651
28664
28679
28775
28794
28816
28869
28898
28947
28970
28978
29021
29023
29040
29067
29149
29157
29175
29206
29225
29230
29244
29245
29275
29292
29328
29347
29349
29359
29369
29386
29410
29412
29502
29515
29528
29582
29650
29698
29711
29713
29780
29808
29812
29839
30007
30011
30032
30048
30069
30072
30084
30098
30160
30174
