1380
39
42
155
169
228
260
280
284
300
336
360
418
423
454
485
548
599
608
616
626
673
700
730
769
799
810
818
846
859
897
912
923
927
947
966
986
1025
1045
1071
1156
1214
1310
1338
1446
1743
1770
1806
1827
1828
1917
1938
1941
1996
2092
2120
2130
2139
2147
2179
2181
2308
2337
2393
2452
2474
2477
2478
2512
2575
2588
2600
2677
2680
2772
2782
2813
2896
2897
2918
2949
3009
3059
3066
3097
3119
3129
3161
3179
3208
3265
3344
3374
3379
3433
3464
3488
3602
3706
3733
3773
3808
3834
3862
3864
3876
3885
3889
3911
3943
3948
3973
4029
4046
4095
4113
4117
4120
4142
4182
4225
4249
4267
4352
4414
4428
4485
4535
4546
4548
4552
4560
4566
4614
4643
4654
4716
4718
4726
4772
4776
4803
4864
4884
4899
4999
5030
5038
5095
5139
5172
5173
5176
5198
5216
5227
5229
5237
5277
5322
5329
5347
5357
5394
5415
5455
5497
5525
5604
5627
5691
5718
5744
5751
5778
5783
5796
5829
5834
5838
5842
5852
5879
5940
5960
6171
6174
6221
6260
6354
6372
6424
6426
6453
6464
6477
6485
6488
6492
6495
6503
6510
6514
6522
6539
6563
6566
6571
6579
6581
6620
6627
6668
6728
6762
6778
6785
6844
6848
6946
6967
6974
7051
7095
7098
7118
7122
7147
7215
7271
7302
7458
7462
7463
7465
7468
7502
7516
7526
7533
7538
7539
7544
7563
7596
7714
7721
7732
7740
7807
7861
8005
8015
8089
8092
8149
8160
8192
8203
8234
8273
8317
8319
8330
8353
8390
8399
8410
8417
8440
8469
8475
8490
8632
8658
8671
8807
8830
8861
8886
9004
9099
9116
9128
9168
9193
9234
9281
9308
9313
9360
9366
9371
9401
9491
9555
9574
9582
9595
9604
9605
9735
9752
9767
9770
9874
9894
9942
10037
10039
10080
10147
10229
10239
10302
10381
10390
10425
10502
10540
10593
10630
10645
10651
10652
10669
10670
10676
10735
10751
10757
10823
10829
10859
10878
10936
10948
10955
10975
10986
11033
11073
11114
11120
11193
11199
11205
11266
11267
11268
11295
11317
11333
11360
11362
11441
11449
11513
11520
11558
11574
11589
11602
11651
11723
11737
11758
11773
11807
11884
11920
11942
11950
11970
11975
11980
12007
12036
12051
12128
12158
12174
12215
12237
12259
12302
12304
12309
12313
12328
12335
12370
12377
12408
12409
12412
12439
12460
12468
12487
12538
12581
12591
12611
12701
12721
12735
12746
12758
12779
12788
12809
12825
12848
12858
12872
12881
12913
12927
12953
12962
12998
13076
13129
13140
13194
13258
13262
13304
13455
13505
13512
13532
13553
13570
13619
13630
13697
13707
13721
13754
13777
13861
13865
13910
13933
13936
13942
14059
14112
14125
14150
14207
14290
14293
14392
14397
14407
14428
14448
14460
14531
14570
14640
14792
14800
14807
14892
14940
14982
15093
15126
15239
15365
15397
15421
15451
15463
15479
15481
15505
15506
15550
15584
15655
15696
15717
15750
15811
15818
16078
16123
16192
16217
16247
16326
16393
16511
16514
16536
16596
16608
16613
16616
16644
16698
16709
16712
16727
16735
16768
16838
16885
16923
16928
16937
16946
16952
16973
17018
17030
17041
17051
17059
17077
17087
17106
17123
17140
17207
17305
17306
17489
17527
17549
17588
17601
17643
17664
17797
17878
17975
18014
18041
18050
18131
18201
18318
18343
18374
18411
18484
18643
18658
18660
18665
18724
18782
18810
18838
18866
18890
18988
18990
19034
19039
19170
19206
19226
19258
19263
19401
19433
19473
19487
19489
19530
19531
19645
19658
19687
19693
19703
19797
19817
19866
19930
19959
19960
19988
20020
20030
20069
20122
20125
20149
20158
20199
20215
20216
20227
20268
20274
20330
20363
20437
20511
20570
20600
20663
20727
20835
21022
21112
21131
21269
21413
21423
21463
21477
21507
21509
21516
21523
21537
21549
21614
21656
21668
21684
21688
21696
21765
21772
21777
21800
21917
21948
21954
21983
22000
22057
22091
22092
22115
22120
22149
22177
22236
22242
22268
22333
22380
22393
22414
22431
22443
22471
22473
22579
22583
22620
22660
22671
22674
22700
22744
22765
22837
22871
22872
22891
22920
22953
22985
23028
23056
23161
23311
23355
23377
23395
23434
23443
23463
23477
23530
23575
23622
23683
23700
23712
23728
23759
23786
23798
23860
23894
23895
23947
23958
23976
23995
24049
24057
24138
24140
24155
24174
24175
24203
24221
24245
24282
24291
24315
24377
24515
24583
24604
24666
24698
24729
24761
24764
24799
24811
24819
24839
24876
24885
24889
24899
24915
25109
25124
25141
25161
25179
25281
25460
25486
25571
25604
25685
25694
25726
25734
25776
25813
25829
25842
25848
25914
25932
25958
25978
25982
26021
26037
26059
26061
26080
26088
26093
26110
26135
26252
26382
26431
26452
26462
26522
26552
26564
26572
26575
26878
26906
26917
26970
27007
27018
27031
27051
27069
27296
27463
27479
27491
27540
27551
27591
27595
27646
27747
27779
27782
27791
27822
27857
27893
27955
27971
28076
28131
28147
28169
28192
28199
28213
28255
28257
28315
28342
28464
28507
28510
28518
28531
28539
28565
28572
28709
28759
28770
28779
28795
28825
28853
28870
28984
29018
29028
29049
29072
29082
29142
29147
29148
29151
29169
29175
29181
29182
29202
29210
29211
29222
29276
29398
29428
29431
29470
29504
29627
29629
29631
29632
29645
29670
29685
29695
29738
29772
29799
29832
29876
29890
29902
29918
29934
29972
29981
29993
30087
30121
30172
30194
30196
30208
30272
30279
30322
30325
30364
30403
30414
30447
30464
30507
30513
30523
30563
30579
30681
30739
30833
30837
30838
30840
30844
30941
30951
30975
31061
31134
31155
31161
31254
31303
31305
31397
31402
31411
31413
31422
31446
31475
31500
31507
31511
31526
31611
31614
31638
31649
31654
31690
31735
31752
31766
31781
31791
31798
31926
31933
32022
32044
32060
32078
32082
32091
32107
32130
32132
32134
32137
32168
32267
32302
32306
32316
32365
32431
32453
32535
32554
32611
32653
32667
32679
32696
32722
32740
32758
32771
32781
32818
32828
32841
32866
32872
32873
32919
32920
32929
33062
33073
33084
33155
33201
33210
33305
33308
33317
33328
33341
33373
33394
33456
33533
33667
33675
33742
33755
33800
33809
34038
34064
34070
34128
34139
34155
34191
34217
34247
34314
34346
34351
34380
34421
34435
34538
34558
34575
34630
34669
34689
34744
34830
34836
34966
34996
35046
35065
35075
35091
35180
35324
35352
35357
35389
35445
35619
35623
35679
35681
35701
35745
35755
35956
35994
36019
36122
36180
36195
36201
36239
36293
36318
36329
36335
36345
36353
36370
36374
36382
36414
36643
36653
36704
36720
36732
36739
36747
36751
36765
36786
36844
36856
36864
36903
36904
36906
36938
36972
36993
37046
37227
37236
37257
37279
37290
37291
37292
37334
37337
37382
37399
37465
37467
37469
37522
37571
37603
37679
37687
37762
37796
37872
37933
37961
38002
38015
38046
38056
38092
38137
38178
38185
38200
38220
38228
38237
38281
38303
38560
38604
38611
38624
38658
38787
38803
38856
39032
39034
39086
39099
39127
39130
39310
39312
39330
39384
39460
39464
39504
39540
39580
39584
39636
39683
39774
39815
39862
39920
39923
39940
39941
39995
40036
40062
40101
40177
40214
40253
40272
40279
40338
40461
40563
40573
40586
40628
40735
40852
40986
40997
41027
41110
41194
41250
41279
41330
41332
41409
41416
41578
41665
41750
41795
41801
41816
41858
41883
41946
41960
41966
41986
42017
42057
42177
42189
42280
42356
42532
42652
42674
42715
42776
42809
42876
42879
42953
42963
43003
43075
43125
43127
43133
43181
43243
43247
43433
43439
43465
43488
43489
43510
43511
43514
43534
43570
43597
43601
43625
43627
43645
43666
43702
43720
43850
43872
43922
43971
44111
44127
44140
44152
44169
44285
44429
44436
44468
44472
44492
44494
44504
44512
44577
44582
44612
44626
44669
44717
44758
44786
44813
44859
45212
45270
45412
45477
45516
45525
45547
45582
45711
45760
45800
45816
45819
45830
45831
45869
45872
45886
45916
45964
45978
46024
46041
46107
46143
46169
46194
46200
46206
46232
46279
46293
46303
46307
46310
46324
46332
46335
46366
46374
46379
46381
46441
46448
46474
46480
46508
46556
46620
46702
46759
46837
46858
46935
46939
46946
46950
46997
47112
47141
47155
47169
47183
47192
47291
47312
47353
47385
47453
47484
47510
47579
47594
47612
47664
47681
47686
47688
47693
47695
47697
47699
47708
47709
47710
47721
47722
47727
47741
47850
47890
47898
48000
48010
48144
48207
48311
48329
48373
48377
48395
48486
48522
48527
48560
48575
48628
48673
48696
48857
48868
48902
48956
48963
48980
49007
49015
49187
49264
49309
49322
