753
5
16
49
71
85
120
132
162
179
211
223
281
325
335
341
356
371
453
457
473
474
492
493
501
523
531
553
565
571
593
613
627
641
645
673
784
802
811
828
832
878
917
959
965
1000
1046
1141
1172
1173
1174
1201
1237
1241
1244
1298
1307
1328
1361
1394
1396
1402
1479
1532
1598
1652
1677
1693
1811
1838
1850
1853
1895
1896
1925
1933
1940
1974
1989
2015
2016
2046
2072
2077
2081
2096
2117
2124
2137
2139
2162
2221
2323
2326
2346
2348
2369
2403
2451
2457
2460
2476
2517
2524
2626
2661
2686
2723
2751
2806
2914
2992
3009
3080
3135
3174
3177
3196
3219
3298
3309
3330
3363
3447
3519
3522
3530
3544
3561
3565
3583
3628
3635
3670
3700
3735
3800
3860
3897
3918
4005
4035
4041
4065
4098
4146
4205
4349
4391
4420
4423
4477
4494
4532
4653
4669
4701
4708
4713
4760
4796
4829
4931
4968
4993
5007
5014
5017
5044
5079
5162
5193
5225
5242
5245
5293
5320
5338
5384
5394
5399
5424
5459
5502
5523
5625
5667
5686
5734
5806
5812
5867
5875
5921
5965
5968
6030
6047
6108
6176
6205
6247
6305
6345
6407
6433
6434
6467
6471
6492
6505
6551
6612
6661
6704
6764
6827
6840
6863
6889
6896
6906
6909
7003
7046
7052
7056
7069
7085
7087
7104
7112
7120
7122
7142
7157
7160
7185
7295
7299
7323
7341
7385
7391
7419
7459
7552
7668
7674
7709
7775
7777
7829
7884
7992
8004
8007
8067
8154
8174
8194
8240
8258
8265
8301
8318
8333
8371
8415
8429
8434
8435
8446
8502
8547
8599
8663
8666
8667
8682
8725
8745
8768
8793
9044
9118
9147
9153
9167
9190
9193
9262
9266
9323
9332
9336
9356
9386
9417
9420
9445
9465
9470
9496
9513
9584
9636
9651
9675
9693
9751
9818
9826
9872
9874
9914
9928
9938
9939
9974
10010
10040
10075
10082
10110
10159
10163
10174
10204
10263
10302
10436
10455
10479
10483
10571
10572
10630
10655
10724
10732
10762
10791
10859
10863
10984
11018
11076
11151
11167
11213
11314
11345
11365
11428
11454
11464
11526
11572
11648
11682
11713
11752
11773
11848
11851
11960
11974
11976
12053
12089
12162
12266
12276
12288
12289
12354
12400
12503
12629
12640
12660
12692
12732
12754
12761
12766
12784
12831
12963
12991
13054
13063
13224
13294
13359
13361
13404
13452
13583
13833
13840
13860
13955
13972
14011
14039
14100
14201
14277
14312
14347
14363
14530
14575
14590
14656
14685
14693
14721
14806
14858
14861
14876
14879
14887
14899
14933
14987
15006
15016
15043
15046
15112
15131
15154
15207
15211
15233
15269
15270
15294
15305
15311
15316
15379
15400
15402
15433
15464
15554
15614
15678
15732
15744
15803
15887
15901
15929
15957
15979
16006
16011
16070
16158
16183
16253
16264
16300
16367
16372
16373
16378
16391
16416
16477
16508
16527
16556
16574
16598
16658
16788
16805
16863
16942
16952
16972
17004
17007
17100
17284
17288
17369
17381
17453
17641
17672
17708
17759
17767
17836
17890
17976
17998
18076
18088
18180
18190
18217
18264
18301
18302
18395
18476
18533
18565
18576
18608
18611
18632
18665
18723
18780
18800
18803
18880
18898
18939
18980
19013
19029
19035
19080
19110
19120
19356
19406
19445
19484
19514
19567
19631
19642
19682
19694
19760
19907
19920
19962
19974
20009
20016
20026
20027
20049
20061
20111
20119
20130
20225
20253
20257
20279
20410
20533
20536
20724
20836
20963
21069
21072
21117
21149
21179
21183
21231
21247
21295
21382
21487
21536
21592
21623
21635
21667
21671
21736
21765
21772
21796
21816
21922
21923
21994
22001
22046
22119
22143
22219
22226
22287
22310
22326
22329
22369
22430
22432
22434
22536
22685
22704
22785
22810
22818
22829
22891
22917
23000
23098
23131
23395
23431
23454
23488
23571
23590
23593
23638
23666
23808
23850
23871
23941
23960
23973
23989
24016
24048
24057
24077
24144
24146
24151
24165
24199
24217
24260
24270
24300
24308
24359
24367
24407
24456
24493
24512
24566
24662
24668
24724
24738
24796
24868
24930
24976
25028
25047
25088
25139
25170
25202
25222
25307
25311
25318
25364
25370
25394
25420
25472
25473
25483
25506
25514
25549
25638
25649
25724
25755
25761
25857
25869
25957
25983
26065
26130
26166
26191
26246
26287
26302
26308
26338
26348
26363
26388
26428
26454
26465
26503
26529
26606
26627
26633
26655
26658
26673
26697
26703
26773
26805
26828
26863
26971
26994
27073
27110
27127
27230
27252
27297
27304
27395
27475
27490
27562
27566
27568
27613
27619
27629
27653
27790
27821
27824
27963
27973
27992
27994
28005
28026
28065
28083
