754
3
6
21
34
37
89
100
144
150
178
227
229
280
314
331
369
428
443
465
600
614
627
633
674
693
764
765
766
870
914
953
961
967
978
981
1086
1204
1230
1279
1380
1392
1418
1426
1529
1577
1598
1601
1603
1633
1688
1770
1809
1811
1819
1826
1991
2055
2083
2117
2141
2159
2297
2455
2520
2583
2593
2636
2661
2819
2822
2836
2860
2890
2911
2915
2941
2966
3013
3020
3022
3025
3026
3036
3094
3134
3166
3187
3193
3210
3217
3389
3392
3432
3451
3483
3496
3498
3542
3636
3662
3671
3696
3717
3718
3751
3759
3865
3918
3941
3970
3980
3995
4005
4043
4065
4090
4143
4175
4255
4274
4275
4284
4321
4335
4355
4392
4393
4448
4478
4490
4506
4537
4558
4593
4654
4665
4676
4730
4744
4746
4777
4787
4833
4864
4875
4888
4938
5056
5151
5200
5209
5213
5243
5251
5264
5299
5348
5465
5506
5532
5575
5598
5622
5627
5637
5645
5649
5706
5710
5750
5812
5868
5892
5927
5987
6082
6103
6112
6122
6151
6181
6193
6238
6316
6366
6399
6444
6488
6491
6510
6540
6591
6658
6689
6720
6737
6768
6779
6950
7061
7089
7095
7167
7196
7200
7222
7237
7241
7266
7297
7305
7413
7450
7459
7478
7494
7565
7579
7621
7663
7681
7729
7742
7773
7883
7886
7903
7954
7971
7997
8003
8097
8161
8185
8232
8292
8305
8356
8359
8417
8502
8505
8515
8526
8551
8578
8601
8631
8638
8708
8720
8728
8733
8743
8748
8771
8784
8785
8789
8790
8803
8813
9010
9020
9060
9132
9143
9151
9176
9197
9289
9356
9390
9599
9664
9745
9792
9815
9843
9851
9900
10029
10057
10058
10081
10130
10145
10203
10263
10307
10319
10328
10361
10407
10419
10463
10521
10557
10585
10601
10627
10632
10635
10639
10653
10697
10746
10799
10967
10977
10990
10995
10998
11025
11033
11038
11066
11125
11150
11170
11183
11219
11282
11336
11339
11368
11384
11454
11457
11488
11514
11530
11534
11552
11611
11625
11646
11662
11700
11799
11804
11807
11866
11908
11931
11949
12213
12348
12351
12363
12543
12547
12566
12569
12572
12611
12671
12688
12757
12786
12790
12850
12852
12873
12891
12978
13046
13117
13141
13154
13184
13187
13238
13328
13400
13419
13420
13430
13452
13501
13549
13552
13572
13598
13642
13695
13769
13861
13886
13959
13989
14002
14026
14087
14118
14200
14272
14296
14333
14340
14363
14377
14408
14442
14501
14508
14514
14576
14601
14618
14661
14710
14715
14720
14776
14838
14952
14970
15056
15187
15249
15310
15322
15334
15342
15378
15401
15436
15439
15471
15473
15495
15521
15550
15552
15559
15564
15580
15597
15671
15681
15714
15746
15812
15861
16056
16082
16103
16104
16163
16187
16192
16234
16277
16309
16319
16341
16388
16445
16517
16540
16548
16681
16686
16716
16743
16780
16787
16812
16837
16861
16975
16983
17069
17071
17111
17137
17152
17167
17185
17208
17240
17459
17464
17465
17474
17648
17664
17694
17710
17773
17780
17833
17852
17863
17871
17911
17921
17958
17964
18016
18169
18182
18213
18271
18274
18391
18394
18436
18498
18505
18512
18521
18535
18561
18632
18655
18665
18680
18690
18732
18764
18799
18836
18899
18936
18945
19021
19026
19054
19071
19079
19093
19111
19171
19203
19227
19249
19255
19277
19297
19307
19378
19435
19453
19481
19487
19622
19660
19696
19748
19774
19777
19809
19811
19824
19863
19902
19916
19978
20052
20079
20148
20172
20218
20334
20369
20393
20423
20512
20541
20551
20565
20622
20636
20710
20744
20770
20880
20894
20901
20938
21000
21004
21012
21022
21079
21108
21129
21136
21179
21304
21330
21453
21461
21503
21529
21534
21544
21557
21594
21616
21683
21707
21709
21710
21717
21903
22019
22023
22035
22088
22165
22168
22188
22307
22328
22463
22482
22516
22545
22563
22583
22597
22609
22644
22655
22681
22710
22717
22725
22753
22789
22838
22878
22897
22907
22948
22957
23086
23137
23197
23276
23328
23387
23419
23493
23504
23579
23594
23608
23622
23756
23844
23865
23886
23905
23908
24003
24023
24043
24063
24085
24104
24142
24202
24211
24219
24275
24413
24429
24448
24458
24463
24480
24490
24536
24594
24644
24647
24779
24851
24858
24861
24863
24868
24869
24895
24896
24897
24898
24901
24904
24919
24922
24939
24944
24992
25021
25027
25060
25062
25063
25093
25182
25310
25362
25378
25379
25389
25412
25465
25607
25660
25840
25866
25935
26082
26102
26112
26244
26380
26410
26413
26443
26473
26482
26544
26561
26563
26580
26587
26632
26638
26667
26719
26726
26730
26758
26764
26779
26785
26789
26833
26834
26863
26918
27025
27036
27071
27173
27270
27284
27289
