916
2
17
73
83
92
129
147
181
206
213
220
247
251
397
399
513
518
563
573
596
646
666
710
733
748
782
876
900
908
1008
1017
1073
1076
1086
1153
1182
1187
1227
1233
1259
1262
1264
1269
1287
1315
1325
1404
1471
1505
1587
1609
1618
1641
1642
1651
1659
1679
1688
1715
1722
1734
1811
1854
1861
1879
1907
1913
1917
2010
2052
2060
2061
2093
2150
2199
2228
2238
2288
2290
2292
2307
2351
2366
2371
2454
2473
2492
2500
2563
2602
2607
2670
2674
2676
2720
2765
2779
2813
2842
2853
2873
2944
2956
2978
3072
3135
3218
3253
3278
3287
3297
3367
3377
3379
3427
3433
3447
3479
3513
3535
3625
3634
3649
3671
3722
3790
3804
3806
3810
3906
3941
4031
4101
4121
4199
4222
4250
4278
4308
4313
4319
4336
4392
4488
4496
4511
4647
4853
4865
4882
4915
4966
4980
4988
5069
5079
5086
5122
5174
5191
5255
5258
5260
5278
5285
5322
5338
5476
5531
5584
5623
5645
5681
5696
5701
5736
5758
5799
5839
5877
5909
5927
6101
6110
6123
6136
6228
6233
6253
6265
6294
6354
6400
6432
6437
6470
6491
6519
6533
6548
6549
6556
6561
6595
6604
6613
6636
6693
6711
6776
6801
6863
6916
6917
6971
7124
7160
7165
7266
7300
7319
7422
7429
7437
7459
7563
7597
7683
7698
7808
7839
7861
7959
8083
8089
8171
8314
8325
8364
8411
8437
8446
8465
8543
8578
8675
8692
8704
8761
8773
8797
8818
8836
8875
8897
8914
8939
9112
9150
9168
9200
9205
9221
9323
9326
9328
9418
9435
9441
9452
9500
9526
9533
9596
9600
9618
9630
9632
9654
9655
9699
9711
9797
9802
9825
9856
9908
9923
9931
9936
9968
9971
10001
10093
10127
10138
10156
10181
10203
10221
10239
10278
10281
10290
10292
10361
10391
10444
10665
10675
10696
10711
10713
10731
10745
10766
10796
10833
10893
10917
10939
10973
11136
11146
11149
11176
11187
11214
11316
11326
11352
11369
11391
11396
11408
11463
11482
11497
11499
11525
11567
11614
11626
11652
11667
11692
11704
11705
11786
11820
11829
11865
11956
11989
12012
12077
12152
12245
12274
12276
12283
12294
12322
12346
12393
12462
12467
12472
12547
12593
12729
12744
12749
12777
12789
12794
12833
12848
12882
12920
12931
12948
12961
12975
13075
13115
13125
13160
13182
13188
13198
13216
13294
13307
13322
13325
13329
13338
13400
13401
13475
13489
13492
13502
13544
13568
13593
13660
13726
13798
13871
13874
13886
13920
13948
13951
13990
13997
14053
14059
14081
14106
14161
14184
14217
14241
14285
14324
14349
14382
14535
14577
14596
14676
14729
14741
14759
14798
14801
14814
14824
14836
14891
14898
14942
14944
15006
15100
15142
15147
15152
15223
15238
15265
15450
15454
15462
15476
15560
15593
15610
15619
15658
15665
15688
15711
15720
15750
15805
15859
15920
15924
15929
16049
16125
16178
16202
16372
16408
16438
16474
16597
16647
16669
16744
16851
16858
16935
16951
16965
16995
17000
17036
17082
17088
17190
17207
17212
17219
17220
17287
17351
17381
17420
17560
17569
17586
17601
17757
17773
17810
17842
17895
17991
18060
18072
18103
18219
18243
18361
18377
18407
18441
18446
18532
18586
18608
18625
18690
18714
18769
18777
18845
18866
18882
18891
19004
19014
19090
19155
19163
19187
19264
19268
19272
19279
19306
19378
19427
19459
19470
19487
19488
19531
19566
19637
19687
19704
19732
19763
19832
19849
19918
20012
20081
20111
20121
20164
20262
20275
20322
20323
20388
20503
20654
20710
20725
20791
20798
20867
20883
20910
20967
21016
21042
21063
21135
21138
21154
21169
21171
21193
21252
21306
21340
21386
21407
21420
21429
21522
21573
21607
21615
21616
21623
21635
21650
21669
21698
21703
21711
21795
21856
21870
21888
21901
21976
21987
22018
22020
22136
22168
22220
22222
22323
22335
22418
22431
22434
22445
22450
22536
22543
22544
22546
22557
22558
22568
22595
22603
22605
22647
22649
22663
22673
22678
22681
22684
22700
22703
22705
22711
22724
22727
22759
22789
22791
22797
22802
22833
22840
22865
22879
22881
22890
22894
22937
22973
23001
23033
23034
23045
23050
23151
23157
23167
23258
23269
23279
23296
23299
23300
23331
23343
23412
23426
23436
23470
23478
23488
23496
23500
23503
23508
23536
23669
23739
23748
23760
23773
23798
23815
23824
23922
23923
24045
24095
24100
24130
24144
24153
24154
24172
24333
24403
24451
24465
24478
24494
24513
24545
24584
24585
24639
24688
24725
24746
24750
24823
24874
24881
24942
25053
25137
25166
25179
25199
25298
25338
25432
25454
25524
25539
25602
25611
25617
25647
25778
25996
26001
26043
26051
26075
26108
26125
26138
26180
26225
26239
26269
26387
26389
26445
26447
26448
26455
26512
26514
26539
26577
26661
26671
26723
26726
26736
26755
26777
26812
26833
26839
26892
26904
26949
26964
26985
27018
27038
27165
27168
27169
27192
27208
27217
27238
27258
27263
27267
27283
27287
27295
27319
27374
27420
27565
27566
27655
27670
27768
27770
27774
27786
27787
27919
27937
28211
28221
28256
28292
28300
28346
28361
28362
28380
28389
28403
28522
28526
28561
28577
28603
28673
28731
28802
28836
28948
28955
28987
29059
29068
29100
29179
29203
29218
29246
29256
29377
29378
29390
29492
29512
29535
29536
29584
29591
29609
29667
29777
29783
29810
29880
29988
30013
30017
30059
30144
30288
30352
30399
30460
30484
30500
30504
30537
30566
30655
30729
30756
30835
30870
30875
31027
31032
31068
31123
31130
31137
31168
31199
31201
31206
31210
31244
31252
31274
31378
31401
31403
31489
31503
31508
31536
31548
31598
31604
31702
31768
31816
31845
31897
31950
31956
31967
31983
32001
32037
32038
