1535
193
423
462
570
612
739
803
808
835
908
909
964
1039
1055
1175
1191
1192
1303
1414
1437
1463
1489
1533
1594
1618
1689
1697
1758
1795
1828
1901
1903
1951
2061
2181
2272
2614
2685
2722
2811
3018
3131
3143
3184
3334
3338
3518
3581
3586
3600
3764
3813
3903
4205
4246
4297
4304
4531
4593
4594
4627
4760
4789
4809
4811
4858
4982
5050
5131
5146
5167
5197
5328
5337
5355
5424
5458
5548
5709
5718
5814
5906
5931
5979
6066
6074
6109
6366
6404
6511
6548
6668
6704
6753
6786
6799
6849
6882
6925
6957
7013
7024
7109
7123
7128
7129
7181
7199
7312
7314
7508
7598
7669
7710
8144
8150
8178
8185
8194
8196
8201
8207
8221
8267
8315
8335
8475
8493
8533
8624
8654
8820
8847
8865
8879
8922
8924
9088
9106
9144
9162
9171
9212
9250
9292
9417
9434
9490
9492
9498
9537
9667
9690
9696
9833
9891
9989
9999
10015
10032
10061
10068
10102
10155
10156
10183
10205
10235
10250
10252
10259
10287
10341
10353
10370
10393
10406
10721
10814
10909
10938
11018
11084
11205
11208
11214
11216
11218
11222
11228
11311
11325
11336
11369
11371
11424
11433
11462
11499
11512
11518
11555
11611
11854
12072
12151
12222
12350
12363
12456
12482
12609
12628
12661
12737
12945
12964
13003
13066
13078
13081
13087
13091
13093
13115
13204
13230
13256
13308
13340
13417
13441
13477
13588
13667
13679
13741
13758
13961
14046
14054
14056
14335
14384
14480
14562
14608
14698
14702
14705
14758
14790
14795
14813
14829
14864
14869
14980
15000
15032
15052
15142
15144
15221
15392
15434
15465
15557
15575
15677
16030
16035
16049
16144
16262
16287
16351
16386
16388
16441
16550
16619
16691
16693
16889
16967
16993
17010
17011
17020
17022
17049
17166
17237
17269
17325
17395
17478
17524
17537
17622
17758
17773
17850
17882
17904
17937
17992
18091
18147
18155
18174
18186
18238
18281
18324
18445
18472
18560
18578
18580
18586
18650
18658
18665
18668
18681
18687
18691
18725
18739
18868
19133
19187
19230
19240
19276
19333
19385
19433
19444
19475
19513
19543
19646
19652
19653
19750
19764
19765
19779
19832
19851
19853
19876
19927
19928
19936
20017
20195
20215
20218
20224
20251
20262
20291
20371
20524
20532
20610
20653
20753
20789
20846
20849
20859
20883
20912
20958
21001
21103
21141
21145
21150
21235
21256
21271
21321
21347
21371
21372
21404
21434
21443
21487
21497
21519
21528
21586
21620
21640
21668
21671
21702
21832
21865
22045
22048
22091
22111
22232
22255
22295
22321
22333
22376
22392
22516
22604
22665
22751
22828
22859
22872
22965
23086
23157
23358
23423
23485
23501
23584
23626
23694
23768
23836
23865
23881
23894
23966
24070
24134
24163
24189
24246
24268
24410
24443
24596
24599
24686
24759
24883
24923
24933
24946
24971
25033
25232
25313
25315
25427
25464
25557
25641
25652
25716
25720
25905
25911
25975
26040
26153
26233
26243
26582
26614
26652
26653
26737
26811
26921
26983
26990
26995
27125
27191
27240
27265
27334
27487
27559
27575
27724
27822
27844
27866
27875
27899
27994
28103
28108
28186
28200
28309
28459
28477
28513
28519
28538
28603
28652
28664
28678
28760
28822
28848
28858
28881
28891
28960
28961
29087
29117
29140
29160
29180
29281
29293
29374
29421
29479
29509
29547
29634
29664
29740
29762
29799
29957
30116
30243
30650
30746
30831
30888
31040
31146
31303
31346
31372
31743
31772
31779
31900
31905
31991
32151
32178
32209
32420
32438
32600
32607
32691
32808
32811
32829
32919
33030
33075
33205
33212
33318
33486
33634
33658
33713
33816
33824
33859
33891
33996
34064
34099
34101
34219
34290
34315
34364
34399
34684
34760
34789
34809
34841
34885
34893
34898
35050
35192
35207
35219
35310
35408
35422
35426
35540
35564
35602
35956
36005
36155
36292
36300
36416
36419
36491
36591
36624
36668
36817
36880
36925
37009
37019
37126
37242
37328
37329
37489
37628
37646
37734
37757
37779
37846
37895
37974
38093
38147
38157
38189
38244
38410
38480
38583
38699
38732
38802
38828
38879
38901
38912
38934
38959
39047
39130
39150
39196
39199
39247
39250
39500
39551
39553
39572
39597
39628
39764
39812
39877
39989
40016
40075
40143
40195
40241
40417
40430
40437
40494
40522
40670
40708
40800
40801
40840
40874
41066
41175
41234
41365
41474
41484
41493
41494
41515
41592
41613
41684
41727
41800
41828
41888
41898
41978
42030
42031
42131
42156
42206
42233
42563
42588
42776
42788
42928
42993
42996
42998
43166
43210
43285
43325
43429
43471
43568
43670
43752
43755
43821
43894
43897
43903
43932
44052
44291
44428
44472
44551
45009
45014
45122
45145
45156
45313
45324
45387
45497
45505
45591
45645
45655
45668
45711
45785
45839
45954
46046
46052
46063
46097
46168
46185
46190
46243
46255
46290
46483
46541
46696
46754
46894
46920
47006
47102
47145
47167
47206
47217
47629
47666
47696
47769
47786
47815
47851
47990
48027
48029
48142
48402
48437
48510
48607
48620
48672
48935
48951
49066
49070
49092
49190
49231
49232
49252
49259
49281
49290
49294
49304
49349
49544
49581
49667
49678
49693
49760
49799
49830
49933
49994
50120
50343
50379
50406
50541
50544
50688
50712
50767
50821
50870
50892
51018
51193
51200
51280
51295
51349
51381
51414
51424
51461
51745
51842
51915
51945
52023
52056
52062
52104
52108
52123
52127
52128
52159
52167
52175
52294
52390
52409
52413
52471
52476
52580
52585
52625
52752
52779
52819
52856
52861
52863
52870
52902
52953
52994
53190
53237
53336
53337
53351
53371
53423
53485
53488
53520
53764
53869
53924
54063
54092
54097
54187
54206
54302
54352
54380
54401
54415
54585
54586
54611
54631
54646
54707
54719
54829
54937
54974
55039
55092
55117
55172
55178
55180
55187
55194
55224
55356
55380
55393
55415
55467
55567
55604
55608
55650
55748
55799
56034
56097
56214
56224
56226
56262
56281
56333
56343
56382
56451
56452
56488
56500
56531
56580
56590
56602
56617
56640
56715
56725
56733
56863
56884
56988
57001
57024
57033
57040
57055
57078
57161
57168
57182
57223
57271
57361
57412
57413
57421
57443
57533
57643
57666
57668
57736
57854
57881
57944
57962
57983
58177
58274
58300
58368
58406
58409
58432
58434
58436
58488
58520
58573
58577
58594
58613
58622
58630
58665
58672
58686
58740
58784
58838
58941
58949
58967
58986
59093
59106
59244
59402
59456
59461
59525
59568
59636
59688
59699
59799
59846
59917
59991
60062
60291
60301
60317
60401
60515
60522
60542
60601
60806
60894
60907
60983
61012
61037
61063
61066
61102
61125
61139
61254
61259
61270
61377
61471
61513
61786
61812
61830
61893
61941
61978
62031
62054
62067
62082
62270
62341
62391
62394
62495
62513
62630
62641
62656
62742
62803
62808
62901
62942
62954
63063
63183
63197
63222
63254
63345
63417
63514
63554
63614
63723
63781
63784
63813
63864
64032
64106
64152
64256
64601
64664
64665
64751
64816
64823
64843
64844
64870
64871
64926
64941
64991
65044
65142
65198
65296
65327
65401
65421
65522
65540
65580
65596
65607
65734
65761
65774
65791
65959
66018
66039
66196
66568
66650
66716
66719
66794
66801
66890
66974
66992
67030
67183
67246
67264
67342
67512
67521
67552
67654
67741
67748
67769
67827
67832
67907
67911
67987
68012
68017
68034
68137
68158
68299
68353
68356
68374
68429
68432
68460
68511
68630
68840
68936
69068
69095
69339
69547
69597
69598
69646
69657
70013
70054
70084
70117
70131
70188
70222
70421
70510
70561
70606
70677
70679
70723
70742
70753
70760
70781
70839
70887
70897
70903
70946
70989
71057
71074
71214
71386
71630
71670
71671
71922
71985
72005
72162
72183
72202
72269
72287
72437
72577
72656
72742
72755
72806
72815
72947
72953
72955
73040
73053
73118
73136
73192
73229
73276
73296
73398
73430
73503
73538
73573
73579
73827
73954
73955
73978
74176
74209
74235
74422
74607
74609
74652
74662
74702
74724
74768
74780
74796
75077
75080
75158
75171
75198
75231
75251
75258
75273
75460
75511
75574
75580
75610
75731
75839
75874
75911
76049
76691
76699
76707
76713
76742
76813
76854
76913
76976
77025
77038
77076
77121
77213
77272
77323
77346
77384
77556
77578
77639
77641
77652
77657
77686
77736
77738
77758
77878
77886
77930
77955
77975
77998
78009
78051
78066
78071
78356
78384
78449
78468
78470
78560
78602
78768
78780
78885
79069
79108
79255
79264
79376
79398
79439
79441
79443
79495
79539
79572
79659
79674
79695
79697
79704
79765
79824
79855
79877
79949
80058
80124
80200
80205
80222
80224
80233
80345
80394
80444
80587
80909
80911
80976
80998
81196
81268
81348
81469
81719
81755
81768
81931
81935
81937
81948
81995
82003
82023
82041
82099
82202
82263
82315
82322
82491
82509
82532
82543
82598
82602
82659
82683
82727
82784
82804
82851
82858
82867
82869
82870
82887
82890
82892
82921
82955
82979
83031
83034
83114
83122
83163
83201
83207
83261
83321
83325
83333
83350
83351
83374
83413
83426
83485
83488
83637
83841
84042
84069
84116
84117
84122
84130
84132
84143
84186
84216
84271
84342
84355
84361
84366
84381
84400
84432
84525
84529
84532
84588
84649
84659
84664
84665
84667
84671
84676
84742
84817
84835
85011
85013
85017
85018
85020
85024
85040
85042
85091
85093
85096
85098
85101
85109
85112
85119
85121
85134
85147
85159
85241
85286
85332
85390
85394
85425
85494
85506
85584
85690
85693
85710
85754
85785
85866
85875
85885
85932
85935
85945
85950
85980
85994
86017
86027
86088
86091
86098
86152
86202
86206
86207
86227
86247
86252
86265
86280
86335
86352
86357
86377
86401
86556
86608
86673
86712
86732
86777
86790
86826
86827
86833
86913
87087
87105
87107
87128
87192
