1056
1
138
139
217
357
433
460
579
658
698
722
964
1173
1273
1277
1405
1576
1791
1872
1962
1995
2027
2042
2051
2063
2068
2079
2110
2170
2210
2288
2376
2427
2431
2469
2494
2523
2560
2643
2695
2704
2789
2866
2887
2899
3088
3210
3238
3291
3334
3363
3368
3491
3514
3725
3737
3787
3834
3858
3990
4058
4108
4152
4154
4158
4168
4175
4284
4376
4387
4402
4410
4414
4439
4618
4628
4691
4776
4818
4838
4905
4969
4997
5005
5077
5148
5217
5286
5288
5298
5347
5367
5397
5418
5435
5502
5571
5716
5766
5830
5913
6029
6043
6222
6306
6342
6353
6431
6483
6547
6548
6601
6622
6653
6694
6697
6722
6736
6759
6812
6927
6955
7002
7087
7123
7138
7245
7277
7435
7438
7463
7494
7538
7648
7733
7797
7824
7864
7888
7904
7920
7970
8011
8020
8039
8115
8163
8205
8218
8269
8279
8359
8365
8383
8558
8564
8815
9080
9108
9112
9193
9224
9252
9277
9339
9429
9474
9483
9507
9561
9668
9703
9717
9766
9805
9814
9865
9989
10076
10149
10295
10356
10427
10438
10488
10492
10658
10662
10756
10850
10876
11067
11255
11382
11504
11566
11621
11728
11732
11803
11831
11867
11872
11930
12002
12020
12054
12076
12220
12221
12236
12423
12561
12581
12591
12597
12624
12659
12670
12690
12748
12778
12818
12855
12942
13071
13259
13264
13273
13347
13567
13653
13682
13840
13875
13936
13958
13968
13974
14001
14220
14222
14229
14261
14294
14305
14424
14522
14682
14753
14781
14792
14850
14936
15047
15311
15364
15368
15393
15442
15527
15572
15590
15862
15931
16022
16051
16178
16223
16278
16315
16414
16424
16433
16537
16593
16748
16808
16957
16998
17008
17081
17169
17214
17258
17259
17300
17621
17708
17719
17766
17778
17944
17952
18005
18077
18152
18185
18204
18238
18245
18264
18319
18330
18391
18411
18427
18451
18461
18524
18580
18618
18621
18690
18692
18720
18795
18831
18850
18940
18941
18963
19001
19080
19303
19350
19463
19496
19603
19711
19819
19825
19857
20005
20040
20085
20176
20191
20411
20413
20414
20475
20849
21095
21139
21226
21291
21384
21438
21464
21476
21490
21678
21685
21826
21928
21982
21990
22023
22058
22087
22124
22306
22354
22362
22396
22437
22523
22537
22565
22584
22617
22626
22696
22755
22763
22785
22806
22831
22896
22967
22974
23092
23233
23271
23378
23381
23436
23504
23540
23564
23570
23635
23655
23683
23701
23909
23956
23964
24002
24144
24243
24362
24454
24488
24522
24523
24526
24566
24578
24583
24593
24606
24613
24651
24701
24733
24788
24875
24916
24935
24957
24959
25015
25057
25064
25128
25253
25289
25320
25323
25378
25422
25423
25506
25509
25518
25594
25607
25786
25824
25878
25928
25992
26021
26043
26121
26160
26170
26316
26585
26639
26684
26718
26757
26867
26949
27048
27206
27240
27277
27306
27338
27371
27423
27581
27584
27690
27719
27803
27932
27956
27961
28023
28079
28140
28162
28227
28233
28249
28265
28285
28411
28498
28512
28895
28946
28949
28983
29000
29051
29057
29388
29393
29452
29454
29479
29539
29682
29705
29738
29788
29789
29872
29934
29945
29981
30000
30015
30075
30123
30130
30203
30370
30398
30429
30648
30700
30703
30903
30926
30957
31156
31222
31331
31448
31461
31560
31633
31802
31865
31960
32070
32119
32130
32135
32151
32183
32188
32198
32423
32428
32525
32606
32675
32690
32702
32717
32980
33120
33226
33232
33495
33532
33611
33679
33684
33904
34044
34229
34397
34544
34590
34694
34768
34838
34961
34974
35055
35099
35130
35207
35221
35234
35247
35318
35326
35332
35354
35377
35400
35496
35523
35545
35606
35694
35702
35716
35841
35857
35876
35904
35929
35932
35933
35939
35981
36049
36109
36179
36190
36209
36265
36266
36269
36278
36300
36345
36346
36449
36609
36701
36729
36748
36785
36929
36979
36992
37142
37179
37205
37235
37259
37272
37289
37343
37353
37541
37581
37614
37681
37691
37812
38015
38039
38047
38122
38188
38198
38218
38239
38267
38336
38365
38454
38544
38557
38561
38566
38575
38595
38632
38688
38923
38984
39090
39112
39127
39150
39282
39285
39374
39441
39473
39523
39578
39685
39766
39800
39832
39926
39966
39994
40000
40010
40119
40186
40203
40273
40319
40344
40357
40376
40531
40532
40585
40695
40739
40746
40748
40749
40826
40847
40855
40861
40869
40872
40875
40891
40895
40974
41066
41076
41112
41128
41167
41380
41398
41480
41492
41496
41510
41582
41587
41633
41683
41691
41810
41812
41829
41926
41933
41976
41992
42065
42247
42273
42382
42393
42407
42440
42480
42487
42488
42494
42505
42511
42526
42576
42595
42626
42665
42683
42703
42706
42719
42722
42746
42748
42761
42769
42815
42834
42835
42838
42841
42849
42850
42908
42915
42933
42943
43026
43044
43045
43162
43196
43199
43200
43202
43205
43357
43372
43448
43732
43735
43742
43752
43773
43796
43842
43845
43846
43916
44100
44131
44132
44137
44151
44356
44495
44509
44520
44559
44626
44638
44683
44697
44727
44753
44918
44964
44967
45096
45102
45225
45405
45468
45507
45530
45551
45655
45729
45840
45842
45874
45884
46009
46059
46175
46198
46243
46252
46262
46287
46373
46432
46471
46589
46755
46916
46935
47011
47056
47077
47150
47219
47421
47466
47877
47878
48041
48047
48074
48157
48261
48273
48283
48372
48388
48450
48479
48510
48680
48736
48907
48926
48937
48959
49040
49082
49125
49129
49189
49196
49199
49204
49409
49417
49421
49499
49514
49519
49527
49583
49587
49717
49897
49962
49979
50104
50224
50246
50281
50298
50342
50384
50470
50477
50485
50519
50558
50636
50897
50948
50995
51026
51030
51139
51156
51159
51163
51196
51246
51299
51380
51432
51586
51677
51744
51792
51872
51926
52054
52169
52248
52358
52403
52404
52501
52620
52652
52677
52703
52777
52916
52917
52975
53042
53185
53207
53348
53401
53406
53474
53521
53540
53595
53775
53801
53839
53849
53855
53858
53905
53942
53969
54044
54058
54082
54089
54090
54126
54150
54176
54192
54240
54375
54383
54429
54538
54549
54550
54554
54629
54675
54791
54875
54882
54888
54916
54917
54952
54971
55083
55176
55375
55416
55720
55730
55892
55959
55969
55988
56219
56264
56480
56518
56519
56521
56577
56630
56697
56724
56771
56884
56967
57099
57167
57208
57250
57395
57397
57398
57436
57470
57515
57527
57556
57600
57608
57678
57723
57730
57762
57775
57808
57818
57819
57943
57951
57956
57960
57969
57975
58015
58038
58130
58133
58134
58148
58153
58161
58210
58212
58217
58231
58245
58373
58429
58526
58550
58652
58704
58788
58792
58843
58844
58849
58891
58970
58997
59041
59046
59072
59096
