1127
38
69
101
137
204
208
212
257
288
328
341
351
381
396
458
475
516
552
555
563
592
598
664
683
689
692
744
763
776
830
897
898
951
1027
1073
1115
1134
1172
1179
1317
1354
1356
1422
1446
1577
1585
1600
1612
1626
1627
1633
1641
1645
1732
1841
1884
1912
1940
1951
1959
1967
2006
2018
2076
2110
2135
2155
2188
2290
2315
2347
2387
2452
2469
2499
2508
2588
2596
2677
2749
2761
2788
2812
2832
2858
2888
2893
2985
2990
3018
3063
3145
3247
3252
3262
3270
3301
3352
3399
3520
3526
3683
3717
3721
3725
3744
3752
3754
3759
3774
3780
3792
3807
3822
3827
3872
3874
3895
3937
3942
3979
3996
4009
4013
4025
4064
4072
4097
4133
4140
4141
4147
4158
4198
4222
4238
4266
4293
4324
4354
4377
4399
4400
4414
4417
4426
4430
4448
4457
4527
4532
4535
4556
4557
4561
4593
4652
4671
4739
4833
4838
4947
5005
5010
5028
5040
5065
5124
5173
5174
5201
5221
5298
5299
5341
5363
5365
5376
5382
5394
5396
5402
5442
5517
5554
5557
5716
5718
5720
5739
5791
5810
5822
5868
5875
5880
5908
6015
6029
6072
6086
6117
6118
6136
6140
6201
6214
6259
6338
6364
6367
6372
6376
6384
6481
6505
6518
6526
6589
6675
6679
6719
6725
6737
6786
6817
6840
6876
6957
6969
6977
7072
7175
7202
7248
7356
7369
7380
7465
7559
7580
7587
7592
7597
7632
7668
7688
7801
7811
7826
7854
7856
7882
7886
7924
7928
7932
7956
7965
8009
8016
8041
8050
8081
8101
8168
8192
8212
8262
8322
8371
8434
8481
8507
8550
8558
8625
8628
8651
8683
8720
8754
8839
8853
8865
8915
9008
9074
9105
9142
9201
9275
9317
9375
9400
9414
9437
9589
9590
9613
9619
9674
9714
9819
9830
9865
9885
9908
9920
9949
9952
10036
10066
10068
10072
10137
10144
10169
10182
10284
10319
10328
10361
10362
10373
10470
10485
10577
10584
10603
10604
10614
10628
10629
10632
10645
10657
10658
10670
10673
10678
10688
10701
10705
10712
10726
10731
10756
10780
10820
10847
10865
10878
10904
10910
10977
11010
11030
11082
11086
11104
11106
11120
11133
11147
11224
11268
11272
11274
11307
11324
11339
11348
11381
11385
11428
11492
11505
11535
11708
11715
11748
11800
11815
11816
11872
11905
11943
12008
12046
12081
12180
12228
12249
12255
12335
12344
12355
12391
12394
12403
12426
12436
12442
12460
12465
12470
12523
12603
12611
12621
12640
12645
12753
12760
12766
12861
12866
12867
12909
12933
12945
12946
12981
13025
13029
13075
13098
13129
13152
13158
13171
13196
13238
13243
13260
13343
13383
13446
13449
13452
13463
13487
13564
13568
13614
13723
13784
13791
13817
13901
13921
13930
14089
14122
14168
14169
14197
14224
14230
14273
14303
14319
14366
14374
14407
14409
14436
14470
14484
14494
14538
14557
14602
14650
14667
14762
14765
14784
14818
14836
14860
14876
14878
14881
14885
14886
14896
14912
15030
15104
15110
15124
15162
15238
15274
15300
15308
15312
15316
15347
15358
15369
15428
15523
15535
15616
15675
15740
15767
15821
15900
15955
15966
16043
16059
16155
16197
16212
16246
16276
16305
16403
16516
16567
16621
16647
16653
16655
16662
16731
16744
16782
16868
16894
16975
16986
17028
17066
17073
17092
17095
17105
17143
17207
17251
17266
17284
17346
17387
17399
17425
17466
17581
17586
17601
17608
17701
17787
17789
17854
17869
17889
17917
17930
17993
18044
18052
18124
18128
18236
18283
18310
18420
18448
18455
18469
18472
18599
18718
18749
18765
18822
18829
18909
18919
18947
18975
19058
19068
19092
19097
19115
19136
19145
19192
19229
19249
19267
19292
19314
19339
19373
19385
19413
19461
19571
19607
19695
19726
19768
19798
19822
19825
19845
19902
19942
20063
20169
20229
20270
20325
20362
20392
20407
20415
20419
20436
20441
20476
20478
20613
20626
20715
20740
20753
20816
20823
20830
20870
20909
20973
21029
21045
21100
21155
21163
21179
21218
21222
21228
21255
21304
21345
21347
21389
21405
21437
21447
21618
21659
21689
21707
21757
21785
21790
21802
21807
21835
21884
22020
22035
22058
22072
22167
22487
22555
22572
22599
22649
22671
22673
22740
22761
22811
22841
22877
22884
22914
22998
23027
23115
23219
23284
23313
23350
23555
23556
23572
23579
23664
23719
23763
23778
23791
23799
23923
23953
23968
23971
23981
23986
23993
24004
24019
24023
24024
24034
24043
24082
24083
24106
24130
24132
24139
24161
24169
24172
24195
24281
24285
24326
24347
24381
24491
24548
24551
24572
24606
24616
24641
24676
24698
24700
24702
24937
24972
25014
25019
25043
25093
25094
25116
25156
25199
25293
25316
25357
25405
25412
25461
25493
25507
25545
25584
25590
25641
25663
25679
25708
25711
25716
25741
25764
25769
25861
25886
25919
25998
25999
26015
26019
26044
26122
26161
26281
26334
26341
26342
26395
26396
26477
26495
26533
26555
26564
26583
26652
26666
26673
26747
26753
26813
26850
26889
26908
26939
26965
26983
26991
26993
26999
27007
27015
27017
27034
27040
27047
27052
27059
27073
27126
27130
27133
27135
27141
27183
27203
27391
27395
27426
27429
27498
27521
27523
27537
27576
27630
27632
27641
27660
27701
27709
27728
27760
27784
27825
27878
27919
27932
27970
27994
28010
28053
28071
28095
28133
28158
28172
28216
28260
28377
28379
28505
28525
28581
28594
28611
28638
28661
28687
28695
28802
28831
28884
28898
28937
28975
28977
28983
28985
28997
29048
29053
29082
29121
29125
29178
29232
29300
29359
29380
29401
29428
29451
29469
29483
29628
29670
29679
29692
29697
29701
29706
29713
29723
29742
29745
29756
29766
29833
29884
29948
29971
29990
30008
30009
30015
30028
30031
30049
30092
30117
30211
30217
30256
30292
30299
30346
30353
30433
30464
30475
30507
30555
30563
30620
30674
30713
30798
30813
30834
30839
30840
30842
30843
30846
30849
30949
30956
30970
30984
30994
30996
31039
31061
31108
31202
31209
31218
31257
31338
31373
31395
31397
31408
31438
31452
31468
31489
31491
31542
31588
31615
31625
31639
31645
31694
31695
31703
31715
31737
31767
31771
31775
31781
31786
31794
31829
31866
31870
31871
31906
31912
31916
31945
31955
31956
31978
32064
32084
32110
32181
32199
32236
32244
32267
32291
32294
32296
32310
32337
32348
32370
32408
32423
32426
32448
32459
32467
32474
32517
32520
32525
32540
32541
32543
32593
32599
32602
32646
32664
32707
32746
32765
32788
32835
32836
32870
32904
33054
33061
33068
33119
33166
33174
33201
33208
33250
33254
33267
33275
33281
33288
33291
33306
33315
33323
33348
33367
33372
33480
33508
33509
33521
33536
33552
33561
33565
33575
33593
33603
33623
33635
33639
33652
33659
33739
33740
33750
33784
33798
33804
33810
33816
33820
33830
33858
33879
33890
33892
33913
33918
33925
33930
33934
33945
33990
34000
34073
34082
34084
34089
34100
34133
34146
34158
34162
34164
34217
34228
34321
34328
34349
34362
34367
34370
34377
34385
34394
34440
34443
34444
34490
34537
34541
34542
