1197
8
95
120
160
213
233
239
284
343
457
538
544
653
716
769
842
873
1053
1055
1069
1111
1152
1206
1287
1293
1374
1504
1539
1559
1681
1734
1766
1797
1867
2002
2012
2032
2046
2168
2345
2448
2457
2670
2743
2840
2843
3008
3028
3172
3253
3500
3598
3613
3616
3634
3673
3677
3922
3924
3929
3980
4139
4151
4201
4290
4376
4501
4554
4565
4596
4614
4719
4859
4921
4925
5115
5250
5267
5283
5419
5430
5440
5560
5850
5883
5919
5955
5969
6015
6034
6044
6184
6295
6385
6403
6467
6479
6551
6645
6843
6845
6900
6919
6934
6935
6978
6983
7074
7178
7179
7185
7191
7600
7606
7629
7723
7739
7774
7805
7819
7864
7871
7874
7879
7903
7931
7989
8009
8119
8186
8215
8319
8333
8350
8356
8370
8408
8465
8489
8532
8561
8576
8583
8649
8665
8679
8791
8810
8911
8919
8978
9063
9082
9133
9151
9277
9315
9325
9333
9362
9378
9398
9436
9476
9497
9505
9512
9547
9585
9691
9810
9900
9901
9902
10023
10046
10121
10255
10274
10303
10408
10424
10441
10470
10618
10686
10704
10835
10856
10948
11010
11070
11073
11136
11184
11205
11208
11217
11220
11238
11239
11303
11373
11398
11447
11573
11651
11681
11855
11857
11885
12168
12182
12198
12329
12364
12435
12441
12488
12561
12603
12736
12815
12828
13128
13132
13160
13181
13183
13198
13221
13247
13380
13554
13572
13643
13715
13775
13924
13925
13960
14001
14058
14205
14273
14293
14295
14314
14329
14349
14387
14417
14501
14518
14560
14598
14703
14739
14864
14867
15017
15132
15136
15138
15229
15389
15391
15465
15536
15545
15566
15574
15576
15645
15660
15698
15703
15721
15741
15745
15810
15819
15928
16006
16048
16120
16314
16654
16663
16698
16753
16804
16913
16917
17005
17131
17144
17271
17280
17495
17502
17584
17600
17621
17622
17693
17777
18126
18131
18137
18222
18316
18385
18478
18538
18544
18591
18595
18630
18644
18735
18960
19004
19163
19210
19239
19363
19373
19403
19480
19600
19646
19740
19768
19813
19930
19947
19953
19981
20035
20078
20116
20119
20170
20195
20213
20243
20246
20262
20276
20278
20281
20283
20285
20290
20300
20328
20346
20354
20363
20395
20411
20505
20551
20592
20594
20615
20647
20830
20832
20854
20916
20991
21011
21100
21199
21226
21228
21347
21364
21373
21381
21582
21592
21612
21755
21780
21791
21888
21923
21948
22210
22386
22429
22508
22517
22528
22573
22596
22696
22785
22823
22874
23021
23240
23421
23550
23661
23665
23669
23808
23850
23852
23887
24029
24095
24096
24275
24294
24381
24428
24437
24441
24516
24525
24642
24829
24907
24916
24983
25002
25027
25029
25060
25086
25109
25111
25209
25221
25285
25309
25320
25360
25428
25458
25474
25475
25567
25632
25645
25656
25667
25682
25918
25924
25948
26033
26058
26190
26224
26234
26247
26303
26305
26386
26388
26634
26698
26726
26773
26919
27078
27094
27230
27408
27457
27514
27709
27732
27739
27809
27834
27837
27854
28008
28121
28207
28214
28235
28335
28386
28402
28589
28777
28833
28930
28945
29138
29164
29259
29267
29374
29467
29474
29512
29578
29652
29683
29750
29965
30087
30220
30314
30332
30425
30482
30521
30579
30582
30704
30762
30798
30962
31032
31155
31171
31260
31273
31351
31386
31399
31518
31588
31893
31943
31971
31975
32000
32134
32154
32229
32291
32319
32339
32392
32454
32521
32526
32622
32635
32676
32852
32871
32945
32957
32961
32963
32984
33039
33050
33204
33269
33273
33329
33437
33527
33687
33696
33779
33815
33860
33864
33932
33934
33937
34301
34381
34387
34454
34553
34650
34694
34958
35074
35120
35160
35217
35258
35313
35322
35616
35785
35972
36081
36172
36259
36282
36330
36365
36385
36440
36462
36517
36583
36679
36687
36692
36735
36796
36821
36983
37042
37119
37196
37260
37326
37361
37441
37463
37472
37541
37611
37721
37742
37785
37848
37914
37921
37969
38040
38125
38171
38193
38210
38276
38443
38457
38857
38991
39005
39101
39103
39131
39145
39149
39196
39221
39222
39310
39356
39377
39380
39382
39383
39385
39388
39393
39412
39451
39518
39653
39662
39666
40060
40183
40203
40233
40253
40369
40406
40452
40465
40513
40541
40624
40723
40790
40794
40920
40958
41020
41039
41081
41300
41435
41464
41504
41518
41533
41577
41592
41676
41778
41803
41811
41813
41846
41929
41932
42079
42097
42298
42304
42307
42321
42334
42353
42372
42468
42732
42756
42793
42831
42835
42843
42851
42859
42869
42881
42912
42927
42997
43007
43109
43303
43786
43899
43903
43906
43971
44078
44097
44237
44255
44282
44322
44411
44443
44774
44806
44809
44843
45150
45187
45299
45341
45359
45499
45574
45597
45627
45635
45717
45832
45833
45913
45935
46082
46100
46102
46192
46254
46263
46273
46291
46300
46324
46388
46408
46422
46471
46478
46497
46501
46508
46577
46644
46659
46697
46745
46773
46880
46904
46961
47032
47088
47094
47149
47166
47199
47217
47226
47366
47404
47540
47688
47697
47827
47840
47860
47907
47911
47964
48235
48236
48248
48367
48381
48463
48465
48469
48487
48533
48563
48691
48700
48762
48777
48821
48828
48889
48904
48998
49074
49129
49137
49178
49195
49228
49245
49313
49453
49462
49470
49480
49507
49597
49694
49785
49832
49852
49956
50109
50184
50209
50230
50246
50440
50447
50700
50862
50920
50925
50942
50962
51091
51183
51211
51274
51306
51329
51436
51449
51483
51491
51612
51846
51889
51908
51957
51976
51988
52044
52054
52189
52199
52217
52218
52297
52348
52352
52359
52424
52502
52661
52677
52810
52811
52851
52927
52982
53025
53055
53100
53222
53256
53277
53302
53438
53478
53560
53652
53659
53717
53764
53988
54043
54124
54253
54427
54442
54496
54497
54513
54527
54539
54762
54851
54881
54914
54971
55008
55045
55082
55207
55242
55438
55458
55512
55522
55804
55820
55825
55844
55979
55991
56016
56031
56062
56096
56101
56238
56394
56485
56596
56603
56604
56636
56705
56730
56868
56904
56910
56956
57083
57211
57389
57408
57430
57442
57449
57503
57539
57564
57567
57571
57809
57957
57987
57993
58018
58036
58054
58084
58115
58163
58167
58242
58281
58412
58443
58493
58688
58783
58816
58852
59087
59295
59312
59510
59572
59692
59693
59805
59807
59816
59824
59829
59841
59847
59872
59882
59883
59885
59888
59896
59902
59963
60072
60090
60160
60163
60171
60175
60261
60265
60295
60442
60446
60450
60541
60613
60645
60666
60808
60848
60873
60903
60933
60938
60971
61135
61142
61174
61175
61191
61200
61275
61289
61297
61316
61352
61362
61369
61468
61510
61519
61543
61545
61599
61641
61646
61659
61891
61931
61936
61945
61948
61997
62030
62052
62063
62074
62081
62165
62167
62228
62277
62315
62399
62418
62429
62437
62460
62537
62574
62584
62594
62609
62673
62689
62703
62716
62758
62772
62779
62789
62793
62814
62933
62990
63013
63041
63067
63103
63166
63170
63223
63317
63331
63343
63348
63477
63491
63548
63583
63600
63656
63658
63671
63704
63705
63710
63712
63750
63759
63805
63871
64005
64062
64091
64094
64134
64158
64169
64173
64174
64186
64200
64298
64336
64351
64369
64379
64443
64451
64466
64476
64493
64514
64563
64582
64596
64598
64621
64624
64643
64652
64698
64705
64707
64709
64719
64729
64736
64747
64768
64815
64843
64865
64949
64953
64956
64969
65022
65030
65035
65045
65072
65077
65086
65108
65121
65211
65215
65222
65232
65244
65247
65270
65276
65329
65336
65346
65351
65368
65407
65419
65421
65431
65472
65542
65604
65631
65638
65657
65675
