1260
0
15
19
28
58
280
372
377
435
451
460
478
582
621
644
664
674
688
732
761
768
794
797
859
865
873
883
899
965
977
1022
1027
1053
1055
1113
1120
1169
1300
1315
1493
1563
1568
1599
1611
1624
1655
1706
1715
1726
1844
1847
1901
1937
2007
2023
2089
2150
2151
2208
2351
2364
2420
2429
2476
2490
2512
2526
2537
2596
2643
2652
2658
2696
2733
2738
2760
2806
2819
2839
2907
2929
2934
2964
2966
2967
3033
3084
3114
3125
3131
3138
3161
3186
3192
3215
3232
3238
3248
3267
3315
3385
3419
3423
3428
3487
3523
3541
3582
3601
3631
3638
3658
3693
3738
3789
3800
3825
3836
3879
3916
3961
3967
4025
4094
4108
4125
4148
4171
4181
4200
4218
4219
4231
4292
4382
4388
4432
4454
4503
4536
4541
4546
4550
4554
4559
4577
4585
4608
4615
4617
4619
4629
4636
4649
4652
4656
4677
4680
4704
4710
4747
4790
4801
4815
4845
4867
4912
4991
5001
5013
5035
5038
5047
5048
5118
5163
5167
5169
5230
5245
5258
5260
5284
5311
5357
5368
5380
5381
5409
5425
5427
5434
5451
5459
5547
5641
5683
5724
5727
5806
5826
5836
5861
5864
5876
5918
5944
5997
5999
6011
6042
6090
6106
6165
6220
6302
6347
6353
6400
6422
6429
6448
6458
6472
6474
6492
6550
6668
6674
6752
6781
6784
6835
6849
6862
6935
6991
7057
7076
7078
7106
7110
7168
7169
7170
7180
7187
7216
7241
7263
7361
7405
7424
7425
7428
7440
7475
7500
7502
7572
7620
7638
7694
7811
7867
7910
7949
8009
8022
8113
8114
8151
8196
8219
8258
8282
8303
8331
8371
8417
8470
8541
8555
8664
8706
8711
8734
8759
8859
8910
8918
9168
9177
9216
9274
9305
9341
9373
9418
9520
9535
9561
9615
9621
9748
9887
9919
10064
10078
10115
10121
10147
10186
10205
10211
10227
10236
10241
10242
10267
10318
10382
10399
10421
10554
10618
10654
10738
10741
10775
10816
10827
10848
10886
10944
10965
10987
11026
11122
11157
11160
11174
11188
11191
11233
11243
11330
11379
11431
11456
11490
11544
11575
11651
11693
11719
11726
11742
11756
11785
11808
11834
11846
11897
11965
11989
12071
12113
12126
12153
12167
12175
12321
12383
12386
12392
12532
12648
12656
12776
12780
12806
12818
12874
12903
12917
12925
12927
12949
12975
13056
13168
13176
13187
13192
13234
13281
13302
13317
13353
13364
13483
13489
13493
13498
13506
13510
13518
13525
13616
13657
13658
13691
13700
13705
13730
13774
13862
13874
13889
13896
13898
13907
13917
13953
14015
14023
14079
14133
14150
14177
14229
14252
14262
14293
14345
14375
14401
14449
14453
14466
14473
14481
14492
14551
14655
14694
14730
14771
14786
14819
14874
14881
14907
14911
14920
14950
14955
14973
14976
15064
15077
15085
15119
15129
15201
15203
15205
15234
15257
15262
15272
15350
15352
15356
15534
15608
15635
15688
15729
15767
15883
15887
15953
15988
16005
16052
16104
16147
16210
16259
16334
16338
16343
16415
16519
16537
16595
16604
16613
16904
16926
16973
17043
17070
17112
17128
17154
17161
17168
17193
17220
17221
17229
17234
17263
17280
17300
17361
17421
17453
17458
17486
17501
17528
17538
17564
17585
17687
17696
17741
17767
17785
17819
17846
17856
17894
17906
17922
17945
17951
17983
17984
18001
18075
18120
18141
18157
18240
18285
18367
18403
18411
18418
18442
18474
18510
18540
18562
18612
18616
18618
18622
18639
18644
18648
18687
18697
18704
18706
18708
18712
18754
18829
18883
18913
18922
18991
19051
19070
19076
19105
19137
19200
19211
19232
19236
19243
19246
19255
19264
19323
19348
19385
19388
19390
19438
19466
19472
19484
19582
19603
19624
19634
19653
19657
19679
19719
19722
19754
19755
19877
19892
19954
19963
20017
20039
20058
20091
20124
20154
20307
20419
20431
20440
20445
20458
20462
20470
20483
20488
20510
20541
20554
20577
20585
20587
20589
20651
20731
20758
20774
20789
20834
20852
20857
20897
20975
21064
21077
21100
21113
21173
21212
21346
21353
21363
21427
21428
21430
21496
21537
21567
21582
21617
21620
21627
21657
21682
21738
21751
21770
21811
21831
21835
21862
21899
21909
21912
21947
21959
22056
22064
22110
22203
22226
22284
22303
22311
22357
22438
22482
22500
22519
22560
22567
22619
22640
22641
22693
22715
22759
22812
22871
22895
22899
22913
22915
22930
22958
23050
23131
23165
23178
23302
23415
23521
23537
23564
23567
23769
23982
23987
24065
24093
24099
24189
24216
24220
24263
24288
24345
24358
24366
24409
24413
24445
24465
24491
24497
24548
24619
24624
24634
24661
24701
24824
24851
24871
24955
24956
24982
25018
25027
25029
25036
25060
25205
25260
25298
25304
25333
25356
25367
25382
25406
25416
25421
25438
25455
25473
25477
25488
25546
25552
25629
25656
25681
25761
25762
25764
25775
25808
25871
25908
25919
25928
26048
26053
26098
26112
26147
26171
26174
26194
26197
26208
26313
26347
26392
26394
26395
26427
26449
26522
26554
26590
26688
26731
26821
26822
26836
26853
27007
27106
27129
27138
27143
27174
27178
27261
27273
27316
27344
27362
27395
27453
27479
27525
27528
27560
27582
27588
27610
27697
27712
27725
27726
27731
27935
27948
27949
27965
27979
27983
28006
28031
28054
28061
28078
28199
28220
28269
28313
28315
28317
28611
28638
28661
28676
28703
28785
28829
28831
28866
28896
28897
28902
28903
28907
28917
28946
29072
29076
29079
29108
29139
29162
29176
29193
29201
29296
29304
29363
29413
29461
29527
29576
29628
29684
29712
29718
29721
29788
29796
29826
29836
29842
29856
29860
29961
30002
30004
30005
30033
30118
30136
30175
30181
30203
30213
30214
30232
30234
30350
30356
30359
30367
30369
30412
30537
30605
30699
30755
30766
30770
30822
30856
30867
31031
31063
31069
31085
31105
31138
31152
31181
31204
31245
31300
31384
31459
31472
31501
31527
31557
31558
31578
31591
31664
31715
31806
31812
31830
31865
32046
32067
32076
32125
32135
32179
32181
32193
32215
32229
32258
32295
32296
32335
32352
32505
32520
32681
32712
32744
32812
32849
32885
32908
32914
32918
32921
32939
32968
32969
33009
33034
33059
33151
33157
33167
33210
33219
33248
33249
33257
33274
33329
33439
33478
33498
33518
33557
33633
33663
33729
33775
33794
33832
33863
33897
33900
33956
34048
34056
34164
34172
34204
34263
34264
34319
34361
34362
34363
34373
34440
34464
34515
34519
34522
34571
34591
34654
34666
34720
34849
34862
34902
34927
34947
34969
34999
35006
35013
35062
35134
35221
35242
35255
35331
35353
35389
35477
35567
35570
35572
35604
35614
35618
35668
35732
35809
35846
35944
35956
35959
35964
35999
36040
36078
36109
36163
36329
36359
36420
36440
36447
36516
36602
36616
36631
36636
36639
36753
36821
36875
36878
36886
36900
37008
37024
37039
37127
37155
37282
37284
37319
37388
37397
37398
37405
37421
37459
37463
37492
37498
37516
37524
37532
37534
37539
37641
37678
37684
37704
37749
37754
37759
37839
37896
37906
37921
37926
37934
38051
38234
38290
38324
38335
38401
38403
38431
38434
38462
38489
38606
38691
38716
38734
38779
38816
38825
38855
38860
38867
38908
38909
38942
38997
39003
39098
39205
39275
39409
39464
39466
39494
39500
39504
39633
39644
39651
39735
39773
39830
39839
39900
39939
40012
40029
40071
40094
40118
40123
40133
40157
40248
40251
40252
40257
40288
40315
40334
40340
40355
40357
40403
40445
40463
40485
40519
40600
40634
40655
40661
40679
40683
40697
40709
40719
40730
40862
40868
40888
40890
40894
40898
40949
40987
40990
41040
41077
41103
41105
41113
41186
41189
41191
41193
41194
41228
41237
41241
41256
41294
41298
41300
41301
41306
41307
41315
41326
41347
41350
41362
41452
41454
41519
41526
41599
41607
41622
41623
41638
41658
41684
41707
41718
41731
41771
41796
41800
41808
41815
41819
41846
41875
41914
41919
42005
