1302
34
45
56
91
310
384
535
558
741
780
1124
1178
1234
1260
1288
1311
1318
1401
1418
1442
1475
1493
1512
1519
1544
1553
1560
1642
1692
1703
1733
1734
1736
1914
1989
2090
2223
2224
2312
2381
2405
2433
2543
2706
2740
2964
3093
3153
3173
3322
3352
3414
3465
3502
3536
3563
3602
3664
3722
3929
3945
4112
4342
4388
4411
4414
4541
4577
4589
4640
4754
4797
4826
4849
4886
5245
5311
5319
5340
5349
5381
5387
5519
5614
5633
5670
5731
5745
5759
5775
5829
5860
5902
5903
5930
5963
5987
5990
5991
5996
6015
6034
6089
6131
6202
6280
6283
6331
6409
6454
6556
6640
6716
6745
6765
6773
6787
6889
6937
7048
7068
7077
7111
7131
7146
7243
7252
7278
7316
7343
7403
7426
7483
7609
7663
7670
7767
7849
7887
7915
7930
7945
7997
8023
8118
8257
8263
8366
8388
8421
8448
8491
8536
8554
8611
8632
8633
8637
8648
8657
8666
8677
8681
8697
8698
8710
8715
8716
8775
8784
8791
8849
8868
8897
8907
8952
8981
9139
9156
9186
9318
9519
9570
9597
9666
9777
9802
9858
9870
9876
9923
9967
10011
10017
10028
10053
10154
10176
10180
10190
10317
10365
10379
10394
10443
10551
10568
10931
11121
11208
11221
11249
11321
11326
11373
11484
11675
11712
11743
11784
11860
11930
12043
12083
12168
12222
12249
12251
12289
12297
12352
12469
12494
12547
12548
12587
12674
12724
12893
12975
12997
13142
13206
13332
13375
13588
13596
13634
13635
13653
13660
13778
13815
13827
13923
13931
14054
14176
14184
14252
14260
14285
14335
14396
14408
14447
14477
14585
14649
14663
14927
14980
14984
15052
15085
15110
15146
15244
15256
15303
15511
15547
15555
15770
15822
15835
15914
15973
16069
16105
16116
16185
16252
16356
16379
16460
16792
16839
16841
16966
17092
17189
17208
17228
17319
17378
17397
17405
17539
17540
17595
17683
17798
17984
18097
18120
18350
18413
18440
18448
18457
18587
18624
18698
18729
18792
18836
18944
18953
19095
19119
19121
19139
19158
19162
19259
19355
19483
19489
19530
19563
19564
19580
19800
19994
20008
20100
20126
20165
20173
20194
20218
20224
20345
20377
20390
20433
20479
20497
20552
20559
20599
20604
20650
20696
20701
20947
20993
20998
21012
21141
21144
21168
21386
21427
21435
21507
21624
21786
21798
21804
21979
21984
22068
22111
22118
22169
22210
22252
22303
22338
22361
22380
22381
22408
22583
22643
22668
22790
22809
22845
22903
22910
22961
22966
23071
23176
23233
23351
23409
23509
23766
23801
23826
23836
23920
23941
24012
24065
24314
24336
24337
24438
24548
24557
24581
24760
24801
24832
24850
24852
25008
25012
25099
25117
25201
25208
25248
25271
25343
25512
25579
25589
25594
25596
25618
25619
25651
25770
25783
25796
25848
25940
25942
26061
26075
26173
26187
26302
26376
26389
26433
26454
26464
26482
26493
26628
26642
26694
26700
26723
26748
26750
26752
26778
26840
26849
26900
26915
26946
27176
27219
27357
27360
27389
27412
27417
27422
27425
27870
27875
27917
28014
28020
28081
28181
28198
28199
28334
28404
28428
28430
28438
28541
28574
28587
28678
28685
28702
28757
28791
28831
28876
28970
29040
29088
29125
29162
29210
29482
29673
29753
29769
29814
30133
30151
30301
30316
30380
30510
30511
30546
30672
30721
30902
30906
31084
31216
31325
31391
31403
31488
31573
31587
31660
31682
31727
31770
31828
31846
31852
31901
32032
32039
32122
32197
32223
32322
32337
32387
32439
32470
32525
32560
32712
32735
32773
32812
32918
32979
32989
33034
33047
33070
33091
33153
33157
33186
33213
33288
33329
33365
33380
33435
33500
33592
33613
33673
33688
33863
33917
34191
34224
34310
34379
34383
34439
34444
34449
34523
34534
34551
34577
34664
34675
34696
34707
34719
34734
34743
34746
34751
34766
34771
34784
34818
34859
34879
34953
34961
35102
35133
35184
35414
35431
35465
35482
35496
35547
35590
35607
35637
35650
35684
35698
35760
35833
35842
35846
35848
35861
35953
35955
35987
36055
36084
36142
36172
36178
36181
36209
36213
36315
36396
36472
36523
36531
36629
36766
36783
36800
36834
36853
36854
37237
37246
37367
37375
37405
37484
37619
37824
38167
38254
38269
38344
38362
38390
38434
38447
38448
38458
38473
38494
38664
38692
38720
38858
38877
38915
38938
38963
39037
39072
39133
39197
39401
39409
39460
39476
39578
39601
39649
39729
39761
39770
39973
39999
40018
40037
40201
40261
40343
40358
40365
40408
40481
40593
40670
40683
40690
40724
40764
40837
40846
40921
40984
40988
41510
41672
41674
41693
41778
41815
41828
41902
41906
41916
41999
42097
42129
42219
42398
42402
42405
42426
42451
42507
42553
42684
42761
42780
42883
43027
43049
43081
43113
43310
43338
43579
43607
43629
43666
43704
43725
43750
43853
43923
43968
43969
44312
44345
44352
44377
44402
44464
44497
44562
44876
44981
45067
45347
45402
45479
45487
45738
45766
45818
45881
45920
45956
46027
46032
46172
46661
46676
46693
46707
46787
46826
46913
46945
46973
47037
47096
47277
47496
47563
47579
47580
47656
47663
47697
47706
47753
47800
47838
47839
47885
47935
48017
48274
48398
48436
48455
48496
48569
48688
48694
48874
49029
49087
49124
49188
49230
49286
49310
49329
49403
49488
49534
49551
49654
49655
49877
50064
50112
50295
50453
50707
50811
50887
51060
51088
51206
51225
51387
51422
51471
51490
51517
51775
51776
51787
51882
51885
51897
51997
52065
52131
52287
52326
52340
52429
52447
52591
52600
52640
52717
52778
52913
52952
53195
53242
53334
53360
53361
53399
53417
53537
53647
53678
53679
53761
53762
53770
53856
53892
54006
54033
54086
54129
54132
54189
54378
54449
54524
54534
54539
54549
54551
54567
54613
54870
54915
54994
55091
55101
55110
55156
55182
55232
55245
55281
55302
55639
55692
55721
55963
55992
56019
56024
56038
56065
56069
56111
56148
56190
56223
56302
56400
56486
56588
56673
56764
56805
56807
56867
56993
56995
57013
57044
57096
57143
57247
57567
57613
57701
57865
57911
57920
58024
58185
58329
58407
58432
58467
58538
58559
58586
58616
58624
58792
58890
58935
59000
59099
59129
59147
59278
59405
59408
59409
59425
59497
59696
59799
59849
59860
59909
59968
60033
60096
60147
60207
60332
60384
60421
60472
60546
60568
60585
60589
60590
60597
61095
61170
61321
61333
61527
61557
61722
61724
61807
61834
61855
61888
62002
62007
62009
62016
62050
62077
62087
62105
62120
62170
62413
62450
62467
62482
62597
62685
62816
62837
62846
62860
62995
63125
63138
63222
63387
63441
63595
63616
63617
63762
63847
63909
64021
64056
64069
64147
64256
64402
64415
64464
64539
64543
64566
64578
64820
64829
65006
65081
65088
65189
65209
65211
65243
65339
65427
65434
65665
65685
65688
65698
65699
65708
65796
65859
65905
65994
66222
66238
66297
66320
66556
66593
66692
66752
66755
66816
66936
67240
67254
67282
67333
67451
67538
67604
67622
67649
67729
67779
67923
67977
68126
68163
68171
68219
68300
68396
68430
68542
68684
68726
68756
68761
68877
68924
68950
68951
68954
69026
69227
69255
69302
69407
69419
69504
69607
69701
69786
69830
69898
69922
69983
70030
70032
70068
70081
70124
70147
70179
70364
70562
70594
70615
70720
70803
70807
70825
70971
71027
71042
71074
71098
71123
71130
71143
71375
71589
71687
71831
71889
71965
72153
72187
72203
72248
72363
72669
72688
72747
72787
72892
72942
72999
73152
73174
73191
73488
73645
73653
73704
73817
73844
73906
73912
73915
73929
73938
73940
73994
74035
74072
74137
74191
74219
74231
74251
74279
74380
74381
74410
74456
74480
74514
74605
74626
74665
74724
74801
74852
75054
75065
75288
75432
75454
75470
75518
75575
75601
75666
75669
75785
75798
75826
75843
75926
75956
75983
75986
75992
76073
76076
76092
76108
76114
76135
76147
76184
76185
76403
76429
76438
76451
76457
76473
76484
76601
76698
76724
76738
76746
76806
76832
76846
76847
76853
76900
76911
76912
76916
76950
76963
76981
77009
77029
77064
77115
77176
77216
77307
77319
77357
77368
77389
77443
77446
77459
77470
77471
77472
77540
77590
77592
77600
77615
77641
77670
77691
77699
77771
77786
77799
77809
77847
77896
77949
77967
