1204
34
47
63
115
141
154
158
165
170
182
218
220
239
243
353
372
432
440
483
497
555
592
616
629
646
677
682
698
721
731
733
831
884
891
903
948
958
979
996
1025
1038
1047
1082
1108
1142
1145
1160
1223
1267
1307
1350
1360
1489
1522
1528
1624
1633
1651
1669
1742
1744
1763
1898
1910
1912
1937
1947
1958
1972
1978
2144
2197
2242
2260
2305
2331
2356
2381
2385
2420
2507
2519
2553
2566
2578
2644
2651
2664
2695
2778
2810
2815
2881
2886
2899
2913
2918
2949
2974
2992
3029
3036
3072
3100
3182
3185
3191
3199
3200
3249
3316
3337
3339
3341
3353
3366
3384
3388
3394
3405
3439
3455
3533
3551
3576
3582
3586
3618
3669
3681
3736
3758
3764
3809
3845
3956
4074
4091
4135
4158
4244
4329
4332
4376
4392
4464
4482
4501
4549
4552
4574
4590
4618
4623
4632
4704
4789
4815
4841
4842
4851
4960
5036
5097
5157
5162
5175
5193
5195
5299
5346
5356
5364
5450
5451
5497
5555
5573
5578
5600
5652
5697
5783
5791
5892
5917
5947
6035
6111
6124
6170
6203
6219
6254
6291
6311
6322
6350
6358
6360
6386
6457
6474
6496
6541
6562
6621
6634
6652
6661
6662
6680
6681
6729
6732
6734
6741
6825
6830
6839
6842
6847
6889
6904
6958
6966
6982
6989
6999
7004
7011
7108
7200
7228
7230
7235
7265
7295
7371
7438
7445
7471
7478
7513
7553
7560
7575
7607
7624
7672
7691
7786
7844
7849
7854
7875
7882
7945
7976
7980
7999
8200
8212
8243
8275
8320
8394
8419
8444
8502
8515
8518
8532
8538
8613
8685
8688
8690
8722
8782
8805
8815
8872
8909
8925
8941
8970
9033
9099
9137
9164
9165
9170
9179
9184
9187
9208
9239
9304
9367
9371
9441
9444
9502
9602
9668
9678
9758
9897
9923
9968
9974
10003
10018
10027
10039
10086
10134
10135
10142
10188
10226
10242
10273
10321
10336
10423
10424
10432
10464
10474
10491
10506
10524
10558
10625
10810
10866
10941
11093
11125
11149
11162
11192
11219
11297
11320
11376
11377
11409
11412
11426
11441
11464
11473
11481
11508
11537
11566
11583
11634
11644
11703
11742
11778
11817
11824
11977
12008
12143
12173
12186
12249
12273
12316
12323
12405
12434
12458
12494
12507
12548
12663
12671
12674
12696
12751
12934
13039
13072
13088
13283
13303
13326
13351
13368
13383
13387
13389
13412
13440
13449
13490
13549
13578
13616
13644
13743
13783
13788
13804
13829
13856
13939
13985
13992
14069
14091
14153
14171
14230
14263
14272
14328
14341
14357
14361
14368
14370
14371
14383
14444
14547
14606
14607
14623
14711
14756
14783
14784
14802
14806
14843
14914
14926
14942
14991
14997
15043
15045
15053
15070
15118
15120
15155
15164
15177
15179
15181
15188
15198
15215
15234
15319
15329
15423
15452
15483
15506
15528
15540
15543
15556
15571
15612
15617
15629
15634
15666
15714
15746
15771
15828
15937
16004
16042
16052
16091
16111
16118
16124
16216
16226
16232
16253
16364
16366
16368
16370
16448
16494
16507
16511
16519
16526
16549
16561
16669
16671
16678
16687
16691
16693
16743
16765
16781
16803
16832
16860
16862
16867
16878
16897
16909
16935
16946
16959
16961
17000
17019
17092
17118
17181
17190
17206
17212
17227
17232
17233
17247
17251
17285
17296
17299
17303
17306
17331
17377
17444
17446
17488
17505
17511
17525
17539
17546
17554
17605
17609
17614
17651
17733
17736
17747
17775
17785
17832
17918
17925
17946
17968
18010
18032
18036
18038
18051
18112
18133
18143
18176
18212
18259
18273
18295
18316
18344
18379
18381
18388
18404
18412
18414
18427
18431
18542
18579
18583
18595
18621
18830
18879
18947
18959
18962
19031
19038
19043
19045
19116
19250
19334
19336
19397
19413
19513
19529
19554
19558
19607
19640
19678
19756
19812
19825
19851
19883
19896
19908
19968
19995
20025
20110
20129
20146
20148
20195
20210
20242
20327
20329
20334
20359
20401
20406
20414
20417
20421
20484
20568
20608
20609
20617
20624
20644
20658
20717
20749
20765
20779
20788
20805
20813
20820
20938
20939
21034
21078
21141
21206
21311
21341
21414
21417
21452
21473
21477
21503
21507
21552
21694
21710
21711
21723
21726
21777
21830
21956
22080
22169
22178
22191
22333
22389
22396
22406
22606
22715
22738
22765
22847
22923
22991
22993
23025
23042
23106
23122
23153
23308
23443
23477
23568
23683
23698
23701
23801
23804
23823
23842
23896
23907
23948
23951
23956
23963
24008
24022
24066
24089
24174
24218
24237
24251
24260
24304
24311
24315
24316
24366
24391
24408
24418
24447
24468
24488
24492
24500
24501
24506
24541
24564
24570
24571
24622
24637
24639
24650
24725
24784
24786
24795
24798
24867
24927
25009
25017
25063
25069
25070
25146
25158
25191
25287
25355
25358
25392
25416
25460
25471
25477
25491
25549
25626
25774
25800
25938
25998
26029
26036
26064
26072
26096
26114
26116
26128
26152
26183
26241
26296
26326
26386
26424
26439
26441
26442
26485
26510
26517
26542
26554
26580
26583
26590
26646
26659
26675
26682
26740
26778
26804
26839
26852
26863
26870
26873
26903
26928
26932
26943
26955
26981
26990
27089
27133
27141
27216
27298
27300
27316
27331
27353
27356
27405
27413
27453
27502
27504
27510
27523
27566
27584
27653
27696
27709
27718
27729
27763
27782
27857
27877
27938
27942
27969
27975
27978
28017
28056
28091
28138
28140
28153
28204
28238
28285
28325
28414
28450
28473
28484
28518
28573
28638
28677
28678
28704
28715
28747
28757
28763
28767
28863
28945
28957
28960
28964
28977
28985
29079
29094
29099
29106
29144
29210
29215
29254
29256
29299
29302
29305
29329
29379
29395
29434
29469
29508
29581
29597
29622
29630
29638
29665
29669
29674
29683
29703
29733
29736
29751
29765
29799
29845
29959
29980
30059
30084
30086
30181
30213
30277
30362
30376
30425
30481
30526
30562
30572
30609
30680
30685
30737
30746
30772
30831
30833
30859
30876
30885
30896
30901
30944
30961
31005
31009
31031
31057
31088
31140
31141
31168
31217
31223
31249
31298
31307
31371
31418
31494
31530
31588
31627
31630
31654
31679
31705
31737
31748
31799
31848
31882
31895
31904
31927
31955
31964
32020
32159
32227
32257
32279
32287
32345
32388
32411
32466
32532
32582
32601
32680
32695
32762
32763
32767
32917
32962
32999
33008
33027
33054
33068
33123
33179
33197
33205
33234
33235
33300
33305
33337
33363
33407
33437
33442
33461
33485
33497
33510
33546
33664
33778
33838
33867
33873
33879
33889
33911
33913
33946
33981
33989
34069
34159
34206
34245
34279
34339
34378
34390
34432
34559
34570
34684
34686
34707
34737
34793
34817
34860
34870
35010
35016
35049
35109
35182
35209
35215
35216
35240
35260
35277
35281
35444
35499
35502
35503
35505
35513
35553
35558
35581
35621
35654
35673
35694
35721
35966
35979
36016
36031
36067
36108
36151
36168
36179
36198
36232
36276
36298
36313
36317
36348
36359
36386
36406
36424
36439
36445
36476
36478
36494
36509
36593
36659
36804
36812
36814
36824
36827
36839
36866
36888
36938
36965
36966
36993
37006
37032
37039
37126
37137
37142
37150
37181
37207
37249
37250
37256
37346
37347
37350
37435
37522
37574
37591
37679
37744
37747
37814
37836
37934
37939
37995
38022
38085
38109
38135
38137
38175
38288
38308
38322
38474
38498
38506
38512
38525
38540
38607
38609
38624
38626
38636
38671
38672
38675
38679
38680
38682
38698
38700
38703
38708
38715
38720
38749
38766
38799
38830
38841
38852
38904
38922
38968
38987
38999
